"id" "monthlySpend" "avgPrice" "age" "female" "enrollPromoValue"
564094 13.09 5.16 23 1 5
551488 5.51 4.23 51 0 7
195342 97.39 4.11 49 0 3
576479 22.82 5.92 50 0 3
241003 59.05 5.44 37 1 7
242970 190.86 2.92 26 1 7
340994 222.98 6.9 31 1 0
589933 9.04 4.38 51 0 5
800239 35.89 4.36 29 0 5
695537 73.68 4.86 28 1 3
348223 76.55 3.95 41 0 5
423687 9.3 6.02 52 0 3
192632 21.22 5.17 33 0 3
766549 4.79 4.8 50 0 3
175706 2.56 6.95 54 0 3
797803 6.93 6.38 21 1 7
199686 9.45 4.77 27 0 5
488728 33.7 4.76 19 0 5
649551 26.48 6.45 20 1 5
518006 26.06 6.09 37 0 0
760607 1.71 7.13 34 0 7
823077 46.1 4.79 47 1 0
102824 52.73 5.29 53 1 3
200249 148.96 3.65 52 0 0
460999 15.71 5.94 26 1 5
736384 131.18 6.33 27 1 0
152150 3.86 6.92 28 0 5
535680 15.44 4.4 18 1 7
466389 4.3 4.37 19 0 7
773800 23.23 5.24 48 1 7
802129 3.88 6.91 52 0 3
656828 56.91 8.04 19 1 0
441236 4.91 5.77 32 0 3
322701 43.7 7.64 54 1 0
501878 75.75 5.91 39 1 0
601942 57.57 4.43 39 0 0
399480 5.17 7.02 51 0 7
360008 2.59 6.31 32 0 7
310074 10.64 5.01 29 0 3
342627 38.41 5.11 49 1 3
655874 7.65 6.53 40 0 3
334503 198.42 5.01 51 1 5
254345 48.01 6.42 21 1 0
222592 54.28 7.49 23 1 5
503066 259.01 6.07 52 1 5
121781 18.94 4.24 24 0 3
629657 11.74 5.06 54 0 5
281625 119.48 3.91 24 1 5
876860 28.46 6.78 44 0 0
401463 26.95 4.47 33 1 5
199123 24.41 2.97 29 0 3
544285 56.14 7.03 38 1 7
765462 23.39 4.59 30 1 5
339830 4.06 5.37 32 0 5
373572 10.43 5.75 45 0 3
742437 13.22 6.02 20 1 7
739215 13.13 5.01 42 0 3
371509 4.19 5.22 47 0 7
680569 105.42 4.83 51 1 5
787167 68.46 4.31 49 1 3
707302 19.49 4.24 49 0 0
324998 8.95 4.49 52 0 3
578755 82.9 7.48 49 1 7
330061 8.04 5.29 44 0 3
712496 3.68 5.92 53 0 7
466966 93.36 5.81 32 1 5
173462 9.28 5.26 46 0 3
763617 2.25 5.31 46 0 7
686051 13.49 5.79 28 1 7
489635 34.41 4.24 37 0 0
637247 0.9 6.96 44 0 7
208206 8.04 7.25 40 0 3
367521 55.21 4.26 46 1 7
218266 1.53 5.75 25 0 7
863317 19.37 6.94 30 1 3
320047 109.99 5.96 43 1 0
611968 41.55 5.54 20 1 7
866731 26.08 6.73 51 1 0
797630 19.17 6.37 53 0 0
594267 13.06 7.07 22 0 3
220344 5.12 5.52 45 0 5
494172 18.23 5.45 52 1 7
456678 17.87 5.2 18 0 0
534395 1.42 6.23 30 0 7
252240 25.08 4.38 29 1 7
381810 14.88 7.66 54 1 5
850282 144.52 5.84 43 1 0
635027 5.02 4.25 36 0 5
317883 36.48 5.78 39 1 3
458381 306.86 4.49 20 1 0
663310 24.36 5.46 27 1 7
746144 3.8 6.5 35 0 3
460138 3.02 5.59 44 0 7
347729 14.85 5.82 53 0 5
493241 3.95 6.8 35 0 7
272050 18.43 4.46 27 1 5
618815 4.95 6.12 25 0 3
466057 7.41 6.37 48 0 0
747326 49.97 6.31 44 1 3
750667 36.98 5.24 34 1 7
714306 71.11 5.53 25 1 5
402957 42.52 4.29 29 1 7
496514 56.04 6.5 40 1 7
853625 29.01 6.79 47 1 0
197691 67.12 5.22 46 1 3
359483 46.19 6.26 29 1 3
264216 4.36 5.34 51 0 7
809367 55.94 4.94 45 1 5
111481 45.09 7.04 41 1 5
219544 32.41 4.66 54 1 5
641200 79.41 7.29 47 1 0
833573 51.43 4.63 51 1 5
294734 105.49 6.2 43 1 0
328419 4.1 6.21 44 0 7
216682 51.3 4.75 43 1 7
749195 10.72 4.93 28 1 7
474816 47.35 5.37 48 1 7
676289 52.4 7.28 43 1 0
588656 91.85 5.32 32 1 3
869605 9.01 4.54 43 0 3
334603 41.56 4.09 53 0 7
717156 3.22 5.47 52 0 5
583416 8.83 6.15 51 0 7
149629 1.58 7.11 23 0 7
637343 54.69 4.57 48 1 7
194374 93.06 4.71 44 1 3
488495 17.87 6.12 45 1 5
513442 2.38 4.61 41 0 7
800807 6.58 4.53 38 0 5
612785 57.9 4.17 20 1 5
759910 22.24 3.67 33 1 7
479534 10.56 5.71 50 0 0
617840 8.16 6.25 25 0 5
685956 155.9 6.94 28 1 0
414035 18.83 5.19 45 1 7
614877 4.68 4.31 19 0 7
421286 251.35 5.93 34 1 0
868663 29.49 5.73 28 0 7
107987 400 4.55 54 1 0
198406 80.41 5.97 31 1 3
834308 10.73 4.56 37 0 7
897920 99.24 4.42 41 1 7
520069 358.07 8.09 50 1 0
877099 91.25 6.86 31 1 0
726776 37 4.24 49 1 3
142686 72 6.46 50 1 0
696128 22.35 5.56 54 1 5
229629 33.24 5.45 37 1 7
473184 44.48 5.61 40 1 7
493784 9.27 5.06 26 0 5
752746 52.65 6.13 43 1 3
585839 50.68 6.92 52 1 3
441904 21.12 5.41 40 0 0
691995 5.29 5.68 21 0 5
558699 2.52 5.52 32 0 5
414805 171.17 4.84 42 1 3
169255 147.48 4.59 23 1 3
336907 340.32 7.3 39 1 3
178052 73.53 5 42 1 0
195928 23.59 4.98 39 1 7
356612 50.68 3.54 49 1 5
829530 13.38 4.56 51 1 7
387006 13.77 6.28 20 0 7
807647 7.67 4.24 22 0 3
789131 5.09 5.83 49 0 3
862104 4.23 6.4 44 0 7
381845 400 5.09 36 1 7
592556 64.72 5.58 31 0 0
345078 122.66 4.29 49 1 3
136744 395.95 3.72 35 1 5
265859 3.76 5.49 37 0 7
332637 8.44 3.76 54 0 5
110657 14.32 5.34 22 1 7
778118 238.48 5.42 42 1 3
542237 12.6 7.13 44 0 0
312932 22.92 3.87 46 0 3
562250 377.35 2.8 20 1 0
269365 9.18 5.13 41 0 5
159785 34.06 5.89 23 1 3
824582 26.92 6.69 29 1 5
867510 45.48 6.36 40 1 3
899899 1.72 5.1 38 0 7
144543 176.37 4.77 48 1 3
133925 75.77 3.56 31 1 7
399854 7.71 5.23 43 0 3
732568 19.09 5.63 21 0 5
361593 3.35 5.63 52 0 7
383391 10.16 6.14 37 1 7
711776 35.09 6.75 24 1 7
379105 2.5 5.64 35 0 7
290186 49.26 5.52 46 1 7
336913 3.76 7.96 48 0 0
849123 97.4 4.86 27 1 3
771688 36.43 6.08 43 1 5
717322 1.57 6.49 27 0 3
244134 5.1 5.58 47 0 7
794261 142.54 5.36 23 1 5
732369 45.07 4.8 52 0 3
894534 4.02 6.52 22 0 7
412094 11.14 4.17 48 0 7
158842 5.34 4.94 32 0 5
394106 4.62 6.62 48 0 3
778971 37.42 4.43 21 1 7
310531 51.55 4.49 42 1 5
612699 180.58 4.07 47 1 3
154915 68.56 4.29 30 1 7
872236 23.92 7.47 21 1 3
160484 33.52 6.19 38 1 5
139229 39.56 6.36 40 1 3
371885 94.3 5.16 21 1 7
511638 13.78 5.59 51 1 5
462474 26.13 6.39 48 0 0
228747 80.16 5.38 47 1 3
537544 9.26 5.46 31 0 7
798139 15.12 2.99 51 0 7
156109 7.45 5.59 31 1 7
547107 68.35 5.88 29 1 3
587461 10.9 5.34 22 0 3
238792 5.37 5.64 21 0 7
548597 4.79 5.42 48 0 3
442439 347.44 4.92 49 1 0
235142 3.11 6.71 39 0 3
602125 20.81 5.83 19 1 7
362101 5.07 6.2 31 0 3
460436 110.46 5.17 23 1 0
709125 18.39 5.79 39 1 5
283028 75.11 6.46 20 1 0
775664 15.08 3.87 36 0 3
604020 24.02 5.07 26 1 5
253530 5.55 6 52 0 3
336699 13.27 5.59 39 0 0
582944 2.35 6.15 44 0 7
211982 47.57 7.25 41 1 0
847196 47.12 5.14 41 1 7
244377 11.87 8.56 48 0 0
390412 23.03 7.8 36 1 3
614934 25.26 5.58 23 1 5
752646 28.66 6.41 38 1 3
681628 3.68 7.34 54 0 5
618736 45.46 5.3 43 1 7
438609 2.35 6.74 38 0 7
367773 49.96 5.71 21 1 5
633587 7.17 7.85 33 0 0
157296 8.76 4.73 36 1 7
751188 99.34 5.75 37 1 0
533656 6.62 6.77 21 0 3
761158 59.83 6.32 48 1 3
563995 4.07 5.96 31 1 7
679359 1.32 5.82 49 0 7
746662 6.54 4.73 37 0 7
123589 333.84 5.28 48 1 3
807614 33.47 4.86 29 1 5
446776 15.17 6.62 52 1 5
468448 25.04 4.1 51 0 3
717975 8.02 5.88 30 0 3
310094 42.22 6.78 31 1 5
362639 17.1 4.67 32 0 5
317327 217.31 4.2 42 1 7
611577 9.41 6.72 46 0 7
498287 21.81 6.88 21 0 0
488006 42.48 7.96 50 1 0
782333 1.92 4.77 25 0 7
610017 5.11 6.37 45 1 7
589145 26.51 3.6 25 0 3
605774 9.74 5.36 28 0 0
215150 22.95 4.76 45 0 3
216707 16.23 5.19 51 1 7
526307 21.34 4.62 34 0 0
342414 39.6 6.19 31 1 7
212591 39.35 4.95 23 1 7
132203 15.62 4.43 52 0 7
524503 67.75 4.93 30 1 5
490201 61.76 3.85 51 1 3
734027 26.1 5.77 38 0 3
747285 30.41 5.63 18 0 0
468176 26.84 5.51 49 1 3
541623 158.31 4.43 28 1 0
333528 167.38 4.67 40 1 0
381513 6.14 6.07 30 0 3
129308 15.22 5.84 33 0 5
507025 0.79 8.52 40 0 7
646646 4.2 6.78 37 1 7
335772 10.52 5.49 53 1 5
471353 4.64 5.15 24 0 5
332263 217.24 5.19 42 1 0
613403 62.34 6.05 41 1 3
400737 2.32 6.5 27 0 7
705734 20.63 5.45 32 0 0
266047 2.39 6.11 42 0 3
851100 5.72 6.24 33 0 7
342329 54.66 5.39 23 1 7
852845 34.25 6.32 34 1 3
823201 17.94 6.97 43 1 3
463885 7.18 6.04 19 1 7
464404 13.4 3.32 35 0 5
615769 5.56 5.45 30 0 5
464061 83.15 5.66 25 1 5
486632 12.24 6.23 38 0 0
249981 270.6 5.3 19 1 3
168979 81.08 5.49 40 0 0
240322 12.15 6.06 54 0 5
203941 4.09 6.28 28 1 7
841991 29.27 5.12 26 1 7
578582 4.85 3.58 38 0 7
546302 132.25 4.87 51 1 3
189565 12.57 4.08 45 0 5
228011 2.24 5.8 34 0 7
242214 55.57 5.45 34 1 7
185318 82.94 6.18 54 1 0
464531 50.9 4.82 22 1 3
136252 47.8 6.66 20 1 0
500567 247.71 3.87 26 1 3
185990 5.33 4.47 41 0 7
258746 158.44 4.75 39 1 0
231620 3.27 5.56 25 0 5
775458 3.34 6.91 34 0 3
626860 6.44 6.19 52 0 7
472367 71.86 6.53 39 1 0
389468 7.02 3.6 44 0 7
376067 14.18 6.05 18 1 5
577328 2.95 5.03 23 0 5
661931 231.15 4.47 47 1 5
339443 11.51 5.08 32 0 0
736968 106.7 5.28 25 1 7
744841 2.29 9 33 0 3
146058 15.9 4.04 42 0 5
377655 11.05 5.55 27 0 3
773796 92.36 5.33 44 1 0
333227 1.92 5.96 45 0 7
843618 26.4 6.92 54 1 0
264038 58.56 7 54 1 0
411101 74.82 5.25 55 1 5
585055 6.04 5.41 37 0 7
224105 141.6 6.97 18 1 7
489775 4.5 4.13 29 0 7
458747 61.79 5.11 27 1 3
660592 84.28 4.68 51 1 0
175459 3.42 6.04 25 0 7
666477 41.3 6.53 53 1 3
236259 7.32 5.83 46 0 3
169841 1.01 7.1 19 0 5
789794 32.62 5.45 29 0 7
244797 45.16 7.91 31 1 0
212844 1.1 4.41 44 0 7
849047 260.29 5.62 23 1 0
750153 7.64 5.45 48 0 0
259554 47.09 6.21 28 1 7
597946 51.86 5 37 0 0
712234 51.94 4.79 54 1 3
580225 10.73 4.34 25 0 3
332838 153.55 3.89 19 1 3
511822 4.45 3.93 36 0 5
533706 89.82 5.91 21 1 3
238755 10.11 6.17 18 1 5
685529 51.09 5.81 42 1 3
644896 400 3.95 21 1 5
109372 5.31 6.69 36 0 5
242075 19.15 5.79 19 1 3
702244 57.99 4.42 25 1 5
400821 9.1 5.16 43 0 7
391532 77.41 6.05 40 1 7
691075 10.51 6.41 52 1 7
879403 14.05 6.05 43 0 3
789461 93.62 5.74 30 1 7
511965 9.49 5.79 34 0 7
600604 54.07 5.43 53 1 7
440604 5.06 6.31 27 1 5
476504 55.52 8.43 51 1 3
607529 1.96 5.11 34 0 7
692858 71.9 5.07 28 1 5
446133 11.74 6.2 28 1 5
846090 10.55 5.49 53 0 3
425424 33.68 5.7 39 0 0
732724 17.51 5.48 22 1 7
390422 35.71 5.99 43 1 7
308899 13.43 6.22 31 1 3
205867 4.99 6.25 44 0 5
561685 51.04 5.03 47 0 0
409093 30.16 5.3 27 1 5
786753 8.13 6.93 20 0 7
347333 14.17 5.96 41 1 7
294241 56.33 4.8 42 1 3
839128 57.26 4.93 49 1 3
482891 4.06 5.91 20 0 7
567662 58.51 6.51 29 0 0
152221 24.37 6.72 44 1 3
665001 6.62 5.88 25 0 7
365830 33.23 6.6 18 1 3
724370 155.05 3.99 55 1 3
557543 20.53 6.71 34 1 5
277323 3.54 7.59 45 0 7
443957 49.55 4.97 52 1 3
731310 20.95 3.86 55 0 3
644163 21.39 5.69 51 1 5
789630 57.65 5.78 39 1 5
391871 23.4 6.34 35 0 0
853594 17.91 5.09 52 0 7
145011 17.08 5.43 38 1 7
304382 129.28 5.85 53 1 0
808038 113.71 4.31 33 1 0
219681 36.87 6.56 51 1 3
275598 53.91 5.86 45 1 3
378392 26.2 5.26 33 1 3
385830 4.59 6.37 44 0 3
393712 4.89 5.65 43 0 3
525517 1.7 6.22 21 0 5
308628 16.83 6.85 30 1 5
708796 102.51 4.67 54 1 3
177192 8.95 5.16 28 0 7
298304 36.91 5.94 35 1 7
152637 6.08 4.87 34 0 5
763881 21.42 6.4 33 0 0
586894 61.19 8.06 52 1 0
418541 57.86 5.65 28 1 3
752626 3.52 5.08 32 0 7
233060 34.35 7.57 36 1 5
658540 83.96 4.31 54 1 7
677147 11.73 6.98 53 1 3
745330 8.97 4.63 40 0 7
420270 13.68 4.94 51 0 5
260214 2.42 6.12 50 0 5
323941 22.44 6.88 23 0 0
479136 22.64 5.96 52 1 5
554015 52.69 4.74 48 1 3
241935 7.8 5.89 38 0 7
828338 5.28 6.78 40 0 3
892681 6.39 6.67 43 0 3
299778 70.26 6.36 45 1 0
595332 13.48 5.96 28 1 3
480199 3.85 4.22 26 0 7
401442 7.79 8.19 52 0 0
357746 52.84 5.07 32 1 5
159391 167.52 6.18 47 1 0
212371 134.71 5.89 50 1 0
883482 8.6 7.74 34 0 0
740350 3.04 5.22 28 0 7
405260 25.57 6.31 39 1 7
433575 162.83 4.92 28 1 3
560344 1.08 6.38 25 0 7
308658 6.65 8.83 52 0 0
793044 2.4 4.73 42 0 5
734832 15.98 5.64 48 0 5
667314 3.68 5.05 50 0 7
456557 3.47 5.7 52 0 7
162134 7.4 5.17 26 0 3
527575 2.15 5.72 44 0 7
814742 189.23 5.06 52 1 5
533889 71.29 4.6 38 1 3
351633 52.61 7.96 39 1 3
837074 10.54 5.83 29 1 5
374916 88.71 4.53 50 1 5
617317 111.74 5.2 53 1 5
584489 5.26 4.71 29 0 5
625393 400 6.2 36 1 0
815758 9.99 5.07 34 0 0
102811 180.38 4.85 35 1 0
587261 6.67 5.04 53 0 5
638889 19.45 5.63 30 0 3
328836 80.71 7.61 52 1 0
715311 2.32 5 21 0 7
806776 87.79 4.17 42 1 3
692706 136.23 5.55 47 1 3
545550 40.88 5.57 54 1 5
806109 158.69 4.74 26 1 0
518075 63.43 5.06 41 1 5
795955 31.37 4.14 41 0 7
624861 73.29 6.58 46 1 5
138088 31.28 7.47 27 1 7
507811 99.05 6.36 49 1 0
568020 128.76 6.36 31 1 3
243566 84.1 5.25 36 1 0
798528 40.2 5.98 27 1 3
575580 35 6.2 55 1 7
455762 33.54 4.63 33 0 5
426347 65.81 5.18 24 1 3
119363 61.51 5.1 33 1 0
611277 61.45 5.46 49 1 7
181537 5.21 6.35 29 0 5
334148 23.3 4.36 28 1 5
591973 58.16 5.78 23 1 7
433759 7.84 6.02 35 0 7
517363 172.54 5.23 21 1 5
810533 25.19 3.96 29 0 5
264771 35.85 5.95 39 1 7
868308 18.25 6.71 54 1 5
447666 38.6 4.9 26 1 5
220725 15.56 5.27 32 1 7
510416 3.36 6.74 49 0 5
377283 58.22 4.58 50 1 3
221177 34.69 4.31 52 1 5
392178 7.9 4.22 25 0 5
186056 3.85 5.91 38 0 5
376721 86.16 5.64 19 1 5
834254 40.09 4.31 51 1 5
341575 16.96 6.39 44 1 7
190220 64.15 7.17 42 1 3
354774 18.9 5.16 30 1 5
571792 45.91 3.55 35 1 7
545021 33.01 6.7 43 1 5
888029 47.12 6.4 35 1 3
109453 111.31 6 27 1 3
567695 63.12 5.63 28 1 0
644466 11.64 6.52 41 1 5
784982 17.95 4.56 52 1 5
258334 15.29 5.22 19 0 7
461949 26.12 6.62 43 1 5
660121 162.96 5.49 42 1 5
545616 12.58 4.44 40 0 5
738276 10.36 4.85 25 0 3
506250 6.22 5.74 50 0 5
208798 63.77 5.87 47 1 7
597883 139.44 5.6 31 1 3
586622 101.06 6.5 29 1 7
507541 6.69 7.44 48 0 3
871760 23.4 3.81 43 0 0
711429 16.02 5.45 37 0 0
249396 150.08 5.54 55 1 3
550629 155.49 6.56 25 1 3
769278 13.83 4.89 47 1 5
140781 400 4.98 35 1 0
649367 13.86 6.1 19 0 0
546498 8.77 5.51 24 1 7
401810 11.57 6.79 31 0 7
290139 11.82 5.95 50 0 3
277152 27.94 6.51 25 1 7
124040 131.89 4.1 37 1 5
645468 1.94 6.06 51 0 7
779023 47.26 5.15 23 0 5
162081 10.58 6.44 27 0 5
587270 20.68 5.17 30 1 7
764955 61.9 6.15 24 1 0
583164 4.69 7.24 43 0 5
235834 21.3 3.87 27 0 7
203283 31.65 5.81 18 1 5
634791 2.85 6.43 34 0 7
243845 65.61 4.17 28 1 7
652731 24.77 7.52 31 1 7
382907 24.91 5.66 44 1 5
193856 32.05 5.76 29 1 3
455220 133.28 5.67 47 1 0
862099 127.86 5.83 27 1 0
430190 7.72 5.64 37 0 3
382821 273.68 3.36 54 1 3
178312 7.84 6.07 41 0 3
512959 45.83 5.17 39 1 3
204393 20.97 5.83 27 0 0
759496 1.42 5.19 36 0 7
696125 13.96 6.96 33 0 0
759263 2.58 4.83 48 0 7
617652 3.46 5.25 55 0 7
120126 24.23 4.64 45 1 5
270154 8.04 5.44 49 0 7
780634 66.58 2.63 47 1 7
815624 3.97 6.7 24 0 3
376793 148.43 5.3 32 1 0
712062 3.53 7.74 23 0 5
319446 36.78 6.33 46 1 0
614494 18.1 6.21 22 1 5
690790 10.6 7.88 49 0 0
539234 40.37 5.88 45 1 3
460023 44.34 5.74 30 1 5
599913 38.6 5.3 21 1 7
851809 1.59 5.7 26 0 7
838327 25.5 6.43 20 1 3
417255 6.2 5.17 33 0 7
478410 3.57 5.63 42 0 7
715392 54.76 6.78 40 1 3
226833 74.89 5.82 42 1 3
317817 44.14 6.95 31 1 5
229895 335.79 5.72 53 1 0
485977 66.91 5.86 40 0 0
664746 64.16 4.97 25 1 3
366702 5.63 5.29 51 0 7
497494 81.76 5.65 34 1 3
667668 1.77 7.8 39 0 3
862158 83.14 3.9 39 1 3
434924 103.15 6.43 19 1 0
624958 153.29 6.58 46 1 0
721350 18.11 4.16 36 1 7
648669 71.77 5.23 43 1 7
233621 75.17 7 40 1 0
500366 14.56 6.03 47 0 5
887661 33.78 5.45 52 0 3
778143 7.54 5.21 51 0 3
232426 41 4.03 49 1 7
408585 16.28 6.39 35 0 7
309014 2.83 6.27 39 0 3
846554 2.98 6.3 27 0 5
168440 9.44 6.73 33 1 5
432157 6.42 6.04 47 0 7
413704 0.48 6.88 31 0 7
595326 33.04 4.82 45 0 3
121140 28.56 5.69 46 1 5
893457 17.94 5.44 31 1 5
360339 8.89 5.44 38 0 3
502488 1.71 4.65 23 0 7
827199 1.01 7.08 31 0 7
467210 61.56 6.47 41 1 3
580869 38.55 6.43 50 1 3
743047 69.4 7.27 20 1 5
487221 14.58 4.52 36 0 3
132251 27.59 4.68 42 1 5
311103 7.13 6.53 51 0 3
414294 8.57 4.7 35 1 7
893567 11.49 6.13 28 0 0
559713 122.7 4.63 50 1 7
567339 25.49 6.29 30 1 7
431601 38.95 8.09 54 1 3
761458 30.02 5.6 52 1 5
520964 61.51 4.32 35 1 7
786825 43.31 7 52 1 3
713250 5.98 5.44 41 0 3
491965 42.04 7.3 24 1 5
441401 1.13 6.09 32 0 7
172091 60.19 5.88 49 1 7
132127 2.45 5.69 40 0 5
430421 1.91 6.75 44 0 3
398308 14.25 5.59 20 0 3
694790 14.9 5.47 48 1 7
746172 2.56 7.06 39 0 7
569215 81.16 6.3 48 1 0
281344 16.72 6.42 36 0 0
695984 137.74 4.74 49 1 0
232023 2.52 5.5 20 0 3
492859 7.28 5.65 33 0 3
135007 3.28 5.23 46 0 5
137548 7.74 7.19 33 1 5
350711 3.9 5.13 53 0 5
396368 3.39 5.18 50 0 5
526224 4.55 7.27 23 0 3
666313 2.05 6.55 28 0 5
259150 1.09 5.79 22 0 7
156533 13.42 6.29 33 0 0
735366 21.83 4.79 39 1 5
671171 4.83 4.69 39 0 5
365563 31.72 7.73 52 1 0
311072 7.51 5.58 24 0 3
330654 7.48 5.54 49 1 7
726506 20.55 6.59 20 1 3
787305 4.63 6.44 35 1 7
851368 18.08 5.44 48 0 0
895741 9.09 7.1 27 0 0
457101 20.35 6.09 36 0 3
326416 9.38 6.18 25 0 0
352995 21.66 5.49 43 0 0
333982 21.55 5.91 35 1 7
781745 78.23 5.61 26 1 3
444896 4.81 5.36 28 0 5
342394 5.58 7.08 35 1 5
597901 49.95 4.14 32 1 5
641808 33.59 4.73 53 1 7
488862 14.13 6.59 51 0 0
589369 21.82 7.2 53 1 3
861896 400 5.05 34 1 0
256185 13.28 6.64 42 0 3
412370 3.71 5.01 41 0 5
427753 38.14 4.73 29 1 7
209462 111.33 4.81 51 1 5
242828 2.06 7.9 40 0 3
308381 57.35 6.28 35 1 7
237180 19.96 6.74 52 1 7
698778 33.15 4.33 42 1 7
211967 69.97 5.67 52 1 3
494829 8.15 6.8 31 0 3
679901 121.49 4.52 54 1 0
478658 102.7 5.7 53 1 5
809007 1.61 7.07 41 0 7
116848 3.14 5.61 47 0 5
373782 1.63 6.78 32 0 7
732308 8.56 5.99 41 0 5
754510 98.07 5.54 51 1 3
126108 19.48 3.18 46 1 7
824175 240.83 4 22 1 3
821725 35.71 5.27 24 0 7
701223 400 3.23 51 1 0
278055 1.94 5.4 41 0 7
429941 2.83 6.02 22 0 3
732307 20.11 6.45 47 1 5
809060 260.03 6.31 50 1 3
278006 4.92 6.85 49 0 3
331911 9.2 6.49 20 0 7
380666 37.58 5.72 50 1 5
139759 25.85 4.62 40 0 7
219134 8.51 5.94 29 1 5
263877 25.43 5.98 29 1 5
762669 3.83 8.3 29 0 0
130412 67.32 4.48 32 1 3
783643 1.1 5.37 37 0 7
607908 31.51 5.37 45 0 3
832331 4.84 6.26 24 0 5
751875 218.5 5.49 28 1 3
559213 9.33 6.73 45 0 3
884123 26.92 5.12 34 1 3
590695 6.55 8.34 32 1 5
652221 23.94 7.4 49 1 3
487095 15.18 8.52 53 1 0
724998 3.38 6.3 36 0 7
482861 6.11 6.48 55 0 7
637486 67.41 5.31 38 1 0
762620 28.39 6.86 21 0 0
649103 100.66 3.87 31 1 3
411946 3.87 5.39 32 0 7
375983 6.08 5.34 47 0 5
539959 18.56 4.92 34 0 3
256459 51.2 6.29 55 1 7
412087 0.49 6.82 22 0 7
391507 1.36 6.1 18 0 7
106858 40.8 6.14 39 1 3
360005 3.85 3.78 40 0 7
351867 1.64 6.11 34 0 7
798008 211.73 7.24 44 1 3
170290 38.21 6.79 45 1 7
867788 41.25 6.83 22 1 0
200701 4.48 5.52 44 0 5
660577 62.28 6.39 19 1 3
294312 17.97 8.49 38 1 3
734650 22.29 4.43 20 1 5
855202 33.66 6.08 49 1 3
590670 2.39 6.35 27 0 5
627341 68.6 7.8 33 1 0
114475 35.14 7.09 47 1 5
675622 131.23 4.59 19 1 0
139013 251.36 6.42 20 1 0
564378 164.77 4.84 35 1 0
184297 78.96 4.35 32 0 0
714178 102.88 4.52 43 1 7
596411 86.84 2.85 52 1 3
355585 3.92 6.13 36 1 5
266120 23.23 3.84 36 1 7
606840 24.5 5.79 50 0 0
296051 9.26 5.35 25 0 5
156772 8.32 4.6 35 0 5
743629 2.98 4.18 50 0 7
821074 17.75 5.51 34 0 0
281690 54.52 6.64 42 1 7
222158 101.18 3.92 41 0 0
573366 81.18 6.26 46 1 3
550602 47.46 6.11 28 1 0
441445 5.38 6.46 47 0 3
390774 10.02 6.17 30 1 7
250045 10.38 5.35 55 0 3
354418 79.68 6.21 39 1 0
163636 48.11 5.16 31 1 7
347434 54.2 6.56 27 1 7
591595 6.81 4.87 55 0 3
749919 86.45 4.97 42 1 5
523691 37.11 5 37 1 5
870997 14.76 4.64 47 0 3
620412 11.39 5.32 39 0 7
708744 26.34 5.46 51 1 3
187550 4.36 5.83 48 0 3
243306 93.88 4.28 38 0 3
606263 17.51 6.79 53 1 5
102578 63.78 5.79 48 1 3
895537 37.39 6.55 22 1 0
330894 12.29 4.72 32 0 3
437354 21.45 4.55 46 0 7
589457 1.81 4.8 55 0 7
649328 16.78 4.04 24 0 5
310539 176.18 6.29 28 1 0
308938 33.69 5.75 23 1 7
665115 8.62 6.65 44 0 0
317969 1.93 5.4 20 0 7
230081 114.31 4.44 36 1 5
268648 158.13 6.85 41 1 3
652658 4.08 6.98 36 0 0
775289 14.4 6.79 45 1 5
840739 8.26 6.05 46 0 7
794725 7.27 5.67 46 0 7
334135 61.03 7.34 22 1 0
854569 38.83 5.31 39 1 5
162626 22.43 5.67 35 1 7
523459 6.73 6.03 52 0 3
562501 2.45 7.17 53 0 3
194759 31.78 4.37 44 0 0
664457 88.61 5.15 31 1 7
798177 0.95 7.1 23 0 7
363758 47.41 4.39 45 1 7
865643 18.14 7.15 55 1 5
718121 5.35 6.69 31 1 7
562394 38.57 6.65 35 1 0
248695 17.15 6.5 39 0 0
188580 44.56 5.22 52 1 7
113771 6.62 4.48 50 0 7
373256 3.39 7.6 32 0 5
333228 7.8 6.29 36 1 5
427050 49.48 5.89 52 1 7
431445 13.59 5.62 24 1 5
125613 2.42 5.4 18 0 7
304542 14.12 5.35 24 0 5
272186 42.74 5.4 26 1 3
573576 1.26 6.61 52 0 7
151154 7.82 7.79 50 1 7
312407 10.93 4.93 54 0 3
144127 10.83 7.31 36 1 7
717264 40.28 6.93 29 1 5
396830 7.77 6.19 24 0 7
366977 1.88 5.11 26 0 7
826510 1.96 5.39 21 0 7
332252 8.36 5.94 38 0 3
858058 10.53 5.84 48 0 7
710339 150.46 5.38 26 1 0
431550 46.16 7.41 45 1 0
414858 37.51 3.94 52 1 3
690129 285.96 4.98 37 1 3
371998 58.75 5.07 44 1 7
131994 13.43 5.27 43 1 7
835305 11.32 4.97 26 0 5
288879 122.28 4.33 20 1 7
713231 5.27 5.97 22 0 7
278208 41.32 7.87 26 1 0
795983 40.56 5.08 41 1 5
458684 53.76 6.61 44 1 0
574602 17.15 7.43 32 1 5
769782 8.66 6.1 31 0 5
273404 2.31 6.9 19 0 3
717926 206.63 4.08 29 1 0
596102 14.64 5.65 52 1 5
640852 25.09 6.44 19 1 0
637228 3.92 6.33 47 0 7
735125 9.38 3.95 30 0 5
391307 38.55 5.18 48 1 3
653163 2.75 6.01 53 0 3
740989 84.82 4.77 36 1 5
699785 0.56 6.82 47 0 7
385267 29.05 5.92 38 1 5
427973 190.33 5.73 52 1 0
872895 3.27 5.09 38 0 5
702953 187.73 4.38 49 1 0
364227 140.96 6.29 29 1 0
763359 16.42 5.43 40 0 0
870526 4.56 5.72 36 0 7
387962 28.21 3.28 29 0 3
747237 8.58 5.36 23 1 7
709413 5.78 7.89 29 0 3
733455 42.46 5.75 42 1 7
572924 7.52 7.49 31 0 3
680479 3.17 6.78 50 0 5
559177 53.83 6.69 37 1 0
321693 2.4 5.3 39 0 3
245973 1.63 6.6 36 0 5
218285 6.33 5.33 21 0 5
768031 372.23 4.77 23 1 5
529713 400 5.15 40 1 0
879049 20.12 4.2 52 0 7
479517 94.11 4.16 23 1 3
598503 3.65 4.58 40 0 7
385717 45.77 6.25 46 1 0
513022 4.13 6.06 50 0 5
114756 48.54 4.93 53 0 3
166253 6.57 5.94 43 0 7
871052 7.91 6.68 21 0 0
473157 2.01 5.69 39 0 7
451652 66.92 6.79 44 1 0
615228 67.72 4.91 49 1 7
444780 169.21 4.94 35 1 0
339749 72.26 7.99 53 1 0
487154 29.56 4.72 24 1 7
760243 15.42 6.03 31 0 3
466126 23.77 5.57 36 1 5
511290 0.94 6.01 29 0 7
485032 42.53 5.44 27 1 7
837647 3.84 6.34 24 0 7
349551 6.33 7.56 36 0 3
547174 285.11 5.89 50 1 5
891418 50.26 4 33 1 7
115348 3.71 3.3 29 0 7
640243 2.09 7.3 31 0 7
564679 30.39 4.39 52 0 7
142706 9.66 7.1 49 0 0
395260 33.51 6.53 55 1 5
144835 0.87 6.98 33 0 7
391123 23.89 5.84 33 1 3
479288 60.05 6.62 21 1 5
329802 16.95 4.82 20 1 7
772271 139.51 4.74 37 1 0
150257 13.69 4 22 0 7
108936 2.11 5.5 42 0 7
625153 51.69 5.36 52 1 3
136566 7.64 5.77 47 0 3
854602 5.84 5.67 54 0 5
114149 3.98 5.89 28 0 7
117075 154.14 6.96 43 1 0
201339 59.16 5.39 20 1 0
396212 3.22 7.32 50 0 3
620067 39.33 6.06 29 1 3
596694 4.51 7.77 29 1 7
824585 7.99 4.52 54 0 7
771277 7.24 6.4 50 0 3
482862 18.98 6.66 22 1 7
818691 250.14 2.99 53 1 3
161081 8.81 5.45 42 0 3
305515 59.91 2.75 19 1 7
350833 117.19 4.4 27 1 3
880518 4.79 3.96 22 0 5
308665 19.48 6.28 51 1 7
197759 20.49 4.97 41 1 5
542388 18.92 4.98 21 1 5
371483 178.86 5.06 22 1 7
710426 96.94 6.38 23 1 0
697305 19.75 7.57 45 1 3
486790 23.56 7.05 51 1 5
884659 8.11 6.18 35 0 5
306733 5.11 6.53 54 0 7
501246 13.29 6.74 22 0 0
306830 26.57 6.94 49 1 3
597368 89.64 4.31 27 1 3
375914 26.59 6.65 49 1 0
842994 9.81 5.42 23 1 5
118091 216.56 6.02 36 1 0
495997 76.08 5.17 21 1 3
492897 5.39 5.89 39 0 5
744485 62.46 4.76 51 1 5
550483 3.48 4.9 24 0 5
813060 3.65 5.1 54 0 7
261452 11.92 4.55 37 1 7
622142 1.03 6.45 48 0 5
361985 1.19 7.49 51 0 7
633190 2.24 6.26 41 0 5
477983 24.63 3.27 43 0 5
114098 8.23 5.44 20 0 7
201154 19 6.49 35 1 3
325899 11.68 5.62 28 0 3
347517 7.29 4.07 29 0 5
176721 76.3 6.03 23 1 7
512353 33.16 5.21 50 0 0
158204 43.8 5.46 24 1 7
732283 300.25 3.62 46 1 0
186426 12.84 6.08 33 0 0
682788 27.68 5.21 47 1 7
140650 400 4.3 39 1 0
705599 78.09 6.06 52 1 5
795784 59.93 5.39 19 1 3
104593 14.93 6.13 44 1 5
829073 11.29 5.43 40 1 7
830606 2.12 5.67 23 0 7
767995 153.06 5.62 46 1 3
602513 4.93 5.68 55 0 7
179971 14.72 5.58 51 0 5
757151 42.04 7.35 20 1 3
517308 2.63 5.83 42 0 5
672150 38.37 4.51 31 1 5
260645 6.73 5.51 29 0 5
201546 50.66 5.06 20 1 0
173773 11.1 4.76 25 0 3
897644 4.97 5.9 37 0 5
125698 12.15 5.45 27 0 0
726277 5.54 6.28 27 1 7
696017 50.71 7.19 46 1 3
891714 33.57 5.61 20 1 7
291272 27.2 5.38 43 1 7
330776 8.29 7.24 37 0 0
840160 5.01 7.95 44 0 3
135713 7.9 6.59 33 1 7
388576 9.33 5.17 50 0 5
597208 11.82 3.69 45 0 7
482537 37.39 6.24 49 1 7
143691 27.08 5.2 33 1 5
307501 233.46 6.35 54 1 0
196413 16.29 6.44 31 1 5
843146 7.16 4.25 33 0 5
219924 95.88 4.86 39 1 5
231072 7.11 5.5 52 0 7
803001 3.48 7.95 41 0 3
561628 3.34 4.21 30 0 7
536083 30.11 6.18 23 0 0
761325 54.34 5.2 40 1 3
834600 4.71 3.62 34 0 5
405103 8.64 4.31 32 0 5
283476 216.5 5.58 45 1 5
410987 159.43 5.59 36 1 0
726432 50.39 5.86 40 1 3
731202 247.67 5.23 43 1 0
533650 48.74 4.31 32 1 7
424591 34.92 6.58 28 1 5
512777 127.72 4.39 43 1 7
573905 15.53 6.48 24 1 5
307567 7.21 7.31 28 0 3
168557 104.57 4.82 50 1 3
655203 400 4.69 54 1 3
596760 127.76 5.68 55 1 0
315564 75.31 4.79 52 1 7
328179 22.76 6.67 55 0 3
601381 17.99 5.43 39 1 7
858595 28 6.87 44 1 0
565735 14.07 6.16 20 1 5
565279 63.85 5.34 39 1 7
248135 2.35 6.25 21 0 3
129075 12.01 6.02 33 0 0
615377 11.51 5.75 19 1 5
610119 163.41 7.02 40 1 0
704577 55.53 3.76 34 0 0
661710 4.42 7.56 39 0 7
293998 26.87 7.36 50 1 0
815253 18.77 5.88 51 0 7
794084 2.56 5.19 36 0 7
264153 11.93 5.71 44 1 5
842580 28.06 6.09 43 1 5
297842 24.03 6.13 54 0 3
404519 25.91 6.41 37 0 3
486122 17.92 5.54 42 1 7
887895 25.53 6.07 45 1 5
827209 16.49 4.62 37 1 5
575916 172.4 4.9 48 1 5
615780 1.18 4.93 38 0 7
119681 132.3 4.15 41 1 0
722146 28.96 6.8 42 1 7
529046 27.45 6.78 24 1 7
411408 6.48 5.06 53 0 5
391989 2.41 6.69 43 0 3
493240 29.99 6.72 35 1 3
399189 30.1 6.58 44 1 5
205060 5.92 6.67 48 0 7
124731 69.79 3.13 44 1 3
531374 92.6 3.88 48 0 3
775713 45.61 5.03 37 1 3
537162 5.59 5.27 49 1 7
389441 14.38 7.65 40 0 0
850172 6.49 4.96 49 0 7
347066 24.49 6.24 41 0 0
259164 22.68 4.38 43 0 5
238858 2.45 7.95 27 0 5
590609 9.19 7.41 28 0 0
628176 3.39 6.12 33 0 5
792571 6.15 5.37 34 0 5
148831 81.15 4.84 53 1 5
648183 48.83 4.12 21 0 3
498524 22.54 5.96 37 0 3
646617 36.24 6.31 20 1 3
494105 157.45 5.13 26 1 0
382944 26.1 5.04 52 1 5
729078 266.51 5 54 1 0
165026 78.55 6.06 47 1 0
605229 22.13 5.49 40 1 7
259139 283.76 5.35 30 1 0
306981 17.56 5.5 54 0 3
775668 6.71 7.71 37 0 0
357711 18.18 5.11 53 0 3
561013 18.47 4.58 48 1 7
584911 99.26 6.76 43 1 3
321921 52.33 4.16 45 1 7
115830 11.58 6.51 21 1 7
302104 3.18 5.95 37 0 7
749509 48.82 5.63 21 1 3
699429 4.56 6.38 46 0 7
375852 28.02 7.4 25 1 7
748280 24.26 6.66 20 0 3
104537 14.91 4.11 27 1 5
776827 11.01 3.89 46 0 7
847287 15.82 4.21 24 1 7
149651 71.64 4.35 37 1 3
286850 35.72 4.96 32 1 7
539875 3.44 5.15 29 0 7
235966 57.85 6.77 45 1 3
762098 101.54 5.73 33 1 7
396172 8.91 3.83 36 0 7
305624 0.55 8.25 51 0 5
318324 2.61 5.1 34 0 7
334688 33.07 6.24 19 1 7
714896 8.1 4.24 28 0 3
150757 8.99 4.98 50 0 5
609621 240.7 3.58 50 1 3
522174 74.06 4.22 50 0 5
523221 3.7 5.73 32 1 7
440420 46.83 4.66 23 0 0
386432 52.3 5.6 47 1 5
494359 28.94 5.13 51 0 5
778125 16.43 3.87 33 0 7
879349 10.31 4.29 28 0 5
333322 5.91 5.77 49 0 7
211565 2 6.11 55 0 7
817803 3.48 5.39 22 0 5
712787 4.15 5.9 31 0 5
516134 22.61 5.08 32 1 7
796523 72.34 5.08 23 1 3
144065 29.79 5.42 27 0 0
176040 126.6 3.1 52 1 5
151953 14.91 5.23 47 1 5
293015 79.75 5.66 34 1 0
237369 72.55 5.81 48 1 0
356023 7.24 7.53 33 0 3
551416 6.09 6 32 0 3
418647 4.32 6.68 49 0 5
471206 48.1 7 52 1 0
523690 2.21 6.41 20 0 7
232720 99.41 5.86 45 1 5
790890 97.09 6.37 35 1 0
732094 47.31 6.79 54 1 0
510717 368.69 3.56 19 1 3
298235 58.45 4.3 32 1 5
834912 12.56 5.44 45 0 3
269439 93.47 4.52 34 1 7
314102 4.36 7.52 40 0 5
159289 38.34 4.97 26 1 3
708786 15.5 5.38 25 0 3
809547 6.39 6.8 23 1 5
411298 32.71 5.59 37 1 3
303526 6.35 6.07 19 0 3
198388 5.9 8 37 0 5
530558 13.14 6.78 44 0 3
159221 348.47 3.4 48 1 3
693956 45.8 5.69 22 1 5
501109 12.31 5.26 41 0 0
231226 17.65 5.47 30 0 0
365259 16.84 5.79 24 0 0
785872 131.03 5.31 31 1 0
239865 22.99 5.75 54 0 0
139104 21.68 4.6 53 1 7
310020 9.14 6.1 42 1 5
840388 10.75 6.95 37 0 7
621740 14.21 4.31 30 0 7
294223 3.84 5.41 47 0 7
124384 7.84 3.94 32 0 7
625225 6.86 5.14 20 1 7
535432 303.38 4.16 24 1 3
302064 1.62 8.26 24 0 7
642418 17.93 5.66 53 0 0
174700 78.6 4.56 27 1 7
785763 73.11 5.92 20 1 0
830617 2.81 6.28 31 0 5
488590 13.93 5.09 33 0 5
484820 8.64 6.01 31 1 7
381421 11.93 5.64 27 1 7
699480 54.07 6.61 53 1 0
209814 20.75 4.73 44 1 7
439372 29.98 5.52 45 1 5
887684 70.24 5.79 46 1 5
132046 27.25 4.25 26 1 7
526361 97.45 3.91 30 1 3
288924 2.67 6.32 44 0 7
166945 3.05 5.44 25 0 5
321228 52.04 6.34 22 1 7
728413 25.69 5.37 22 1 7
337422 27 5.55 21 1 7
221190 6.18 6.17 54 0 7
165791 2.13 6.88 28 0 5
455536 2.61 7.16 18 0 7
715612 28.84 4.71 24 1 7
312865 5.37 4.23 29 0 7
124242 5.55 5.98 42 0 5
876214 34.12 5.1 41 1 7
189871 5.96 6.27 41 0 5
797126 64.18 4.49 55 1 5
751133 12.37 6.93 33 1 5
295410 50.6 5.98 42 1 5
678158 1.22 5.98 55 0 7
269693 62.81 6.05 40 1 5
508365 3.35 6.64 32 0 5
240480 150.07 4.87 26 0 3
775571 11.87 4.86 45 0 5
154327 7.81 5.09 49 0 5
492087 39.51 5.35 33 1 7
179655 12.58 5.5 30 0 5
856448 48.23 5.73 42 1 0
334483 40.97 6.65 36 1 0
266671 29.21 5.45 29 1 7
715010 38.21 4.63 44 0 0
729098 11.88 6.84 48 0 0
324584 7.84 5.96 19 0 5
866090 81.84 6.41 24 1 7
360628 2.95 5.89 29 0 7
254107 167.95 5.29 32 1 0
828392 26.22 5.93 43 1 5
139050 83.51 5.45 52 1 7
480657 1.44 6.67 24 0 5
520696 19.84 4.87 38 0 5
537419 3.21 5.81 36 0 7
833829 14.15 5.77 42 0 0
537525 26.56 5.35 27 1 7
674733 22.99 5.87 35 1 3
687222 8.3 5.35 19 0 7
864136 7.98 5.42 47 1 7
453715 130.93 4.15 23 1 3
241457 48.94 4.65 51 1 5
476998 4.39 4.26 28 0 7
207480 85.76 5.8 42 1 3
238876 7.66 5.02 52 0 3
424339 60.89 5.79 38 1 3
482203 356.4 3.01 36 1 0
326914 42.24 7.91 41 1 0
493387 14.41 4.56 35 1 7
384005 107.77 7.03 50 1 0
435328 8.9 4.73 41 1 7
284296 69.47 4.05 34 1 7
792940 0.6 5.61 24 0 7
704086 5.9 4.86 26 0 3
838335 51.49 6.12 24 1 5
611700 7.09 5.23 49 0 3
572507 113.64 4.38 43 1 7
560372 79.32 6.49 40 1 0
451127 34.62 5.54 35 1 3
331778 20.42 7.27 19 1 5
428145 8.2 5.83 43 0 7
560171 10.97 6.27 43 1 5
718980 1.5 5.73 35 0 5
139477 105.42 5.8 27 1 0
821227 39.63 4.64 29 1 5
313395 2.89 4.78 43 0 5
247348 23.57 6.25 38 0 0
755351 26.62 6.09 37 1 7
103558 57.1 5.79 27 1 3
208352 3.15 6.44 44 0 7
277810 129.06 6.23 38 1 0
360285 3.15 5.56 39 0 5
582290 39.08 6.88 44 1 7
735819 4.2 6.81 27 0 5
744632 55.91 5.72 27 1 7
221006 64.14 5.52 41 1 0
105645 73.2 6.33 23 1 0
671555 7.14 5.38 23 0 3
595778 95.58 6.19 27 1 5
211910 42.78 7.06 53 1 3
577155 66.52 4.4 52 1 3
805585 6.6 7.13 45 0 7
557847 20.78 5.23 54 1 5
878193 19.49 6.19 20 1 7
226406 9.7 4.67 40 0 5
358046 13.71 6.94 45 1 3
866055 132.38 7.11 49 1 5
744860 42.84 6.12 45 1 0
529090 135.06 4.71 46 1 5
262940 187.73 4.98 48 1 0
144059 8.74 5.47 48 1 7
327598 54.12 6.77 27 1 0
261651 124.85 5.93 35 1 3
802726 7.85 5.77 46 0 3
159581 65.14 6.52 44 1 0
154722 10.68 4.54 42 0 3
601090 4.49 5.32 45 0 5
852640 10.56 5.28 19 0 3
311108 25.89 6.09 24 1 5
807202 33.94 5.75 40 1 7
639458 1.88 5.61 19 0 7
102629 94.76 3.96 47 1 3
488722 27.46 4.98 53 0 0
621881 260.86 5.13 46 1 7
888075 22.74 5.1 34 0 7
669175 9.95 5.87 41 0 3
237237 28.36 5.64 48 1 7
739850 101.48 4.3 52 1 5
352278 400 5.16 18 1 0
869368 25.97 5.4 39 1 3
450900 21.91 4.34 53 0 0
349756 7.05 6.04 26 0 3
618730 37.69 4.47 25 0 0
880154 6.57 5.46 29 0 3
709687 56.21 6.63 46 1 0
223891 17.51 6.76 31 1 7
142103 46.5 5.08 39 1 5
454815 5.02 5.35 39 0 7
867580 66.67 4.2 33 1 5
600699 7.04 6.44 44 0 3
744379 105.96 4.42 26 1 7
124897 63.94 4.42 47 0 0
263371 50.65 5.41 28 1 7
787258 6.93 6.21 28 1 5
235198 2.39 6.9 47 0 7
576877 87.4 4.37 35 1 7
383359 22.07 6.56 29 0 3
171315 26.99 5.16 53 0 7
633718 9.69 3.08 27 0 7
341268 14.11 7.39 27 0 7
383469 64.93 6.61 24 1 0
435657 45.27 5.88 48 1 3
254690 13.4 6.27 53 0 3
853168 2.05 7.47 29 0 7
820835 56.28 4.56 35 1 3
393541 30.61 6.88 51 1 3
381633 93.53 6.38 28 1 0
822003 19.63 4.7 47 0 3
571296 5.94 5.81 26 0 7
760259 6.71 4.76 51 0 3
633089 88.76 4.12 49 1 3
171221 52.79 4.71 43 1 5
643265 38.62 4.8 53 1 7
646043 23.98 5.11 51 0 0
465896 185.77 4.39 41 1 3
140990 8.57 5.36 24 1 7
494086 14.28 5.17 45 0 3
822679 4.64 6.19 51 0 3
338673 2.35 7.91 39 0 3
463783 5.42 7.21 27 0 3
389075 17.82 6.13 55 0 3
536648 42.19 5.96 31 1 5
685056 37.42 4 51 1 7
101038 7.09 6.72 41 1 7
858792 117.74 6.21 27 1 0
500311 34.82 4.71 24 1 7
186822 22.28 6.42 34 1 7
682575 46.03 4.4 40 1 5
548794 128.57 5.91 52 1 7
789034 24.54 4.41 49 1 7
647476 118.8 5.38 53 1 5
226940 1.53 7.77 40 0 3
691723 84.96 6.21 44 1 0
551064 12.25 5.08 36 1 7
157488 2.86 5.85 28 0 7
628109 114.45 5.78 42 1 7
139589 73.48 6.81 36 1 0
291602 52.3 7.63 54 1 3
283554 8.76 6.14 20 1 7
510415 22.33 4.85 25 1 7
598396 40.03 5.22 50 1 3
290030 9.09 6.41 54 1 5
849301 22.08 7.8 36 0 0
696691 85.65 4.72 30 1 3
616601 54.65 4.48 32 1 7
148362 15.82 5.44 34 0 5
809090 400 5.52 49 1 3
622618 64.12 5.62 24 1 5
329781 8 6.06 36 0 5
267972 50.34 5.07 41 1 7
452712 34.98 6.09 37 1 3
131692 4.98 4.89 50 0 7
481518 33.26 5.97 46 1 3
862639 36.5 5.77 40 1 7
280581 17.95 6.29 22 0 0
237954 30.84 6.81 40 1 7
194858 4.9 5.6 38 0 7
616396 21.38 5.41 39 1 3
272068 7.19 4.79 22 0 3
446361 37.16 5.13 36 1 5
852635 35.58 6.51 39 1 0
558872 1.92 5.83 29 0 7
747572 17.62 4.54 25 0 5
315286 11.66 7.33 41 1 7
102751 8.58 6.92 48 0 5
270879 17.32 4.88 30 0 7
713398 7.64 7.38 53 0 0
743599 70.81 4.97 48 1 7
709801 3.21 4.74 49 0 5
695412 3.51 6.41 22 0 7
754378 37.87 5.05 35 1 5
527890 18.25 5.28 35 0 0
838046 9.68 4.8 31 0 3
183777 13.48 4.87 30 1 3
865329 5.02 5.72 41 0 5
336966 38.03 6.25 46 1 0
435940 6.39 5.63 44 0 7
654614 2.66 6.96 52 0 5
423829 10.53 5.05 52 1 7
372480 36.44 5.14 50 1 5
297374 50.58 4.79 38 1 5
825064 1.38 4.43 45 0 7
596982 8.61 6.87 49 0 3
497276 11.05 6.92 43 0 3
642657 13.19 5.66 42 0 7
492451 3.19 5.57 26 0 5
848249 8.91 5.8 34 0 0
665800 143.71 5.23 42 1 0
156530 2.57 5.7 51 0 5
444431 11.2 5.85 35 1 3
650900 237.37 5.14 21 1 0
478665 1.91 6.21 29 0 7
214189 48.07 5.16 20 1 7
661840 99.29 5.8 36 1 5
504151 75.47 5.5 39 1 5
499644 30.72 6.91 29 1 3
157230 18.21 6.03 23 1 7
613034 55.8 5.02 42 1 5
413438 6.66 6.57 40 0 5
190701 47.11 5.56 49 1 3
400522 5.82 7.05 25 0 3
601755 29.66 5.69 24 1 3
442318 134.67 5.22 46 1 0
721084 278.48 4.84 45 1 0
564340 39.57 6.77 30 1 3
575425 11.52 5.85 23 0 3
892054 14.57 8.35 38 1 3
751987 126.23 4.77 46 1 3
170246 1.24 5.86 26 0 7
477300 128.94 5.43 45 1 3
698725 61.4 4.54 32 1 5
471156 8.58 5.89 25 1 7
172433 18 4.86 40 1 7
407136 106.55 5.83 40 1 0
555681 4.41 5.96 35 0 7
878408 72.22 4.53 38 1 3
146184 16.79 5.11 31 0 7
306902 5.6 5.51 46 0 7
205351 9.77 6.83 45 0 0
109977 209.51 4.12 52 1 3
632587 19.16 5.06 50 0 3
506105 3.8 6.73 49 0 5
572543 194.87 4.99 44 1 0
602312 58.15 6.12 46 1 7
225328 144.76 6.52 39 1 0
812423 248.88 5.28 52 1 3
791038 90.76 5.45 34 1 3
265357 23.36 6.74 23 1 7
782376 52.9 3.87 31 1 3
893764 94.35 5.17 45 1 3
749899 21.38 5.03 20 1 7
376945 12.97 5.78 44 1 5
351464 4.11 5.16 25 0 5
383342 2.68 6.71 32 0 7
529483 57.23 5.13 50 1 7
273117 12.21 4.58 45 0 7
625496 139.74 4.64 46 1 3
475229 39.35 5.47 40 1 0
460341 6.62 6.01 28 0 5
544700 18.34 5.51 30 0 0
229677 7.55 4.27 47 0 3
800509 190.64 6.48 30 1 0
619944 48.29 5.85 53 1 3
142994 5.41 4.41 41 0 7
351479 36.21 6.24 42 1 7
126911 2.57 5.43 18 0 5
322758 15.39 6.03 38 0 7
134936 42.51 5.62 23 1 3
175303 172.06 5.3 35 1 0
229984 15.5 5.44 46 0 0
890550 16.37 7.87 29 1 7
597790 164.83 7.27 20 1 7
669419 65.96 5.42 55 1 5
228724 64.28 5.52 53 1 0
652212 5.89 4.35 31 0 7
704890 2.12 7.19 43 0 7
332295 5.22 6.44 27 0 3
218541 22.1 6.63 21 1 3
144930 20.46 5.88 20 1 7
234438 128.13 5.38 19 1 0
453595 64.95 5.31 39 1 5
482778 35.88 5.27 54 1 7
720580 3.5 6.16 28 0 5
243669 0.82 9.15 29 0 7
717089 12.29 4.61 51 0 5
853415 79.35 5.18 26 1 0
200813 40.07 6.29 53 0 0
240937 59.14 4.87 24 1 5
590036 258.81 3.16 31 1 3
257253 26.3 6.35 51 1 7
580652 1.57 6.68 29 0 5
495827 2.52 5.6 40 0 5
686721 9.73 4.79 49 0 5
106171 13.64 6.38 32 0 5
284703 10.17 5.3 54 0 7
353904 79.5 3.14 55 1 3
596044 1.81 5.61 27 0 7
188263 5.29 6.02 36 0 3
671269 17.02 4.05 48 0 3
694187 400 5.21 37 1 7
148149 169.85 5.22 35 1 7
419999 67.45 5.16 38 1 3
731594 119.1 5.56 25 1 0
297877 50.42 7.48 44 1 3
300492 4.34 5.57 28 0 3
195360 32.53 6.9 44 1 0
438073 3.96 4.92 33 0 7
897462 0.46 7.43 33 0 7
858335 56.62 6.21 29 1 7
784513 64.62 5.45 21 1 5
797518 42.2 4.7 48 0 0
387032 9.07 5.35 45 0 3
540525 58.54 6.87 25 1 3
302017 4.81 4.75 53 0 7
173589 19.7 4.01 33 0 3
263352 55.3 6.78 32 1 3
691599 35.22 4.32 48 1 5
823187 1.68 4.92 49 0 5
787216 5.16 4.29 37 0 3
138747 14.56 5.03 43 1 7
315188 4.86 5.81 43 0 5
802828 4.65 5.77 49 0 5
766163 1.26 5.78 40 0 7
518058 11.24 7.07 38 1 7
271604 33.79 4.26 21 1 5
699762 15.27 7.01 43 1 3
878847 0.8 6.99 23 0 7
499224 83.52 5.96 53 1 5
654694 11.47 4.26 53 0 3
620229 22.81 6.71 45 1 7
458949 54.83 3.81 38 0 0
825535 11.57 5.29 38 0 3
136071 40.81 6.36 21 1 5
897331 7.19 5.83 40 0 5
727424 2.89 7.63 21 0 0
807672 21.62 5.5 49 1 5
696988 48.15 7.75 40 1 5
615382 72.9 5.7 21 1 3
580349 2.05 5.87 37 0 7
877201 36.09 6.91 45 0 0
252101 19.53 6.94 30 1 7
170897 112.25 5.62 44 1 0
334480 0.92 5.64 29 0 7
647211 9.23 6 32 0 3
299557 9.11 5.52 18 0 5
405129 28.44 5.78 33 1 3
187523 73.08 5.84 19 1 7
489714 55.61 6.91 18 1 3
265977 43.81 5.63 34 1 3
873949 35.65 5.25 50 1 7
612722 36.63 4.93 50 1 5
466321 2.61 5.83 22 0 5
159525 41.18 8.21 53 1 0
802327 16.09 6.17 27 1 5
813789 7.01 6.65 40 1 7
603985 16.07 7.69 47 1 5
789244 28.96 4.86 49 0 3
629317 1.73 5.72 26 0 5
676654 66.98 4.78 44 1 7
548092 6.69 8.6 29 1 7
653866 21.7 6.52 36 1 3
899916 16.98 4.52 49 0 3
219854 15.85 5.84 46 0 3
348133 15.6 6.47 50 0 0
673881 80.17 3.95 35 1 3
622978 19.05 5.42 53 1 5
583162 1.66 6.59 49 0 3
756901 93.08 6.15 39 1 3
479484 42.98 4.25 50 1 3
452124 1.14 5.96 52 0 7
310287 2.73 6.2 29 0 5
816575 7.42 4.93 44 0 5
300695 42.94 7.21 48 1 0
350852 67.08 5.86 29 1 3
215253 252.01 3.73 26 1 7
530138 43.08 5.05 45 1 7
696067 44.32 6.27 52 0 0
494462 9.36 6.84 44 1 7
226952 18.89 5.02 37 0 7
881510 138.47 3.5 42 1 7
296416 3.19 5.55 18 0 7
404090 74.35 5.6 41 1 0
209113 7.49 5.72 25 0 7
266268 3.9 5.07 39 0 7
290290 53.4 4.36 37 1 7
150193 1.42 6.77 44 0 5
865209 9.05 5.7 26 0 5
336300 18.74 6.35 48 0 0
344314 24.02 5.96 41 1 5
696201 4.46 6.06 29 0 7
637620 4.17 4.77 43 0 3
489440 1.25 6.66 44 0 3
267090 3.39 5.55 28 0 5
107244 63.08 4.23 50 0 0
748389 75.78 3.57 31 1 5
112515 31.9 6.54 23 1 0
579584 174.24 4.09 49 1 5
124264 24.02 6.23 36 1 7
596528 3.32 6.38 24 0 5
311718 17.47 6.05 45 0 0
297247 2.54 4.48 35 0 7
213994 2.19 5.87 41 0 5
161611 122.97 5.58 24 1 0
461375 400 6.08 46 1 0
529669 16.13 6.38 22 1 7
520500 19.32 7.38 18 0 0
664300 99.13 5.93 30 1 7
337355 307.88 5.13 47 1 0
827243 88.81 7.27 44 1 7
686914 132.67 5.21 21 1 0
898173 13.41 5.22 32 0 0
187967 32.33 5.55 53 1 5
533381 1.39 6.47 23 0 5
376835 12.51 4.72 47 0 3
306433 11.85 6.43 30 0 7
310734 109.81 5.28 44 1 3
736292 4.28 4.94 35 0 5
177689 3.69 5.73 32 0 3
640301 158.04 5.88 29 1 3
175561 8.46 5.87 39 1 7
391183 34.85 5.62 26 0 0
179807 11.56 4.65 39 0 3
359451 89.61 6.32 53 1 5
324104 15.79 6.8 50 1 3
695349 33.9 4.55 31 0 0
313176 14.81 5.95 54 0 5
854982 208.02 3.77 41 1 3
504948 99.97 5.26 23 1 0
358388 5.97 6.99 21 1 7
726434 34.56 4.49 19 1 7
638905 68.43 7.3 40 1 0
270084 1.85 6.1 29 0 7
696637 2.94 7.1 25 0 7
642207 4.48 6.22 20 0 3
526017 21.33 4.39 44 1 7
277311 25.09 6.47 48 1 7
491509 8.11 5.73 43 0 3
392095 7.18 6.11 26 0 5
126907 3.98 4.81 21 0 5
311603 2.15 8.31 45 0 5
495053 40.46 5.87 43 1 5
324437 3.15 5.67 27 0 5
441446 115.22 6.37 53 1 7
246725 24.24 5.18 36 1 7
541469 38.64 5.11 41 1 5
783683 150.99 6.24 38 1 0
700318 66.11 5.47 55 1 0
242314 8.16 4.69 44 0 7
156606 37.09 5.52 21 1 3
825946 9.69 6.33 42 0 7
818290 17.72 5.74 53 1 5
396056 16.82 4.37 51 1 5
375009 26.04 6.37 47 1 5
878920 26.58 5.71 36 1 3
657928 289.82 4.05 49 1 3
715563 155.11 5.69 32 1 5
382752 5.35 5.92 37 0 7
807708 6.38 5.72 53 0 0
638948 87.83 5.99 39 1 3
357564 30.2 6.1 40 1 3
177017 5.66 7.01 39 0 5
813204 6.34 5.88 46 0 7
892236 16.11 6.56 33 0 3
372261 75.17 5.14 50 1 3
395929 220.68 3.73 37 1 3
342106 100.47 4.37 36 1 3
223292 7.98 6.08 20 0 3
623027 299.06 3.92 28 1 7
237761 46.85 4.35 28 1 5
617127 42.51 5.17 40 1 7
723862 400 4.18 22 1 7
453751 6.27 6.89 52 1 3
426382 6.92 6.14 49 0 5
251299 56.97 6.89 34 1 0
157153 32.01 5.73 32 1 7
318715 101.23 4.15 23 1 3
435136 2.72 6.74 54 0 5
589385 3.26 5.13 48 0 7
346518 6.26 5.52 37 0 5
696756 15.86 5.02 30 0 3
664310 65.11 5.59 23 1 0
234751 40.38 5.78 54 1 7
551499 49.79 3.88 31 0 0
114313 2.2 6.59 41 0 3
440679 149.52 5.94 53 1 0
781651 41.83 4.88 53 1 7
601984 34.8 6.99 41 1 3
738497 57.39 3.98 27 1 5
538171 15.33 5.09 41 0 0
154254 69.51 6.36 48 1 3
205500 142 4.88 54 1 0
384000 10.59 6.3 35 0 3
425073 12.26 3.96 26 0 3
116691 34.66 6.87 53 1 3
811915 3.08 7.05 38 0 7
532827 16.28 8.02 52 1 3
667557 162.94 5.2 26 1 3
296090 18.62 7.25 31 1 7
556989 2.84 4.97 48 0 7
100831 4.3 5.97 36 0 5
799264 62.45 5.15 33 1 3
568723 1 5.56 54 0 7
327964 2.63 6.05 21 0 5
482110 25.26 5.09 30 1 7
460455 7.66 8.57 43 1 7
513042 76.58 7.99 30 1 0
576136 82.87 7.07 54 1 0
685755 10.35 6.62 21 0 7
422756 4.62 5.45 25 0 5
343400 23.46 6.91 25 1 3
822238 21.5 5.58 46 1 3
305034 37.66 4.09 45 0 0
106747 4.2 5.92 54 0 3
591921 18.36 7.19 25 1 7
829382 8.63 5.18 20 0 3
407957 18.57 5.47 29 0 3
114210 209.55 4.68 27 1 0
306120 7.72 6.65 54 0 7
889233 103.53 5.51 25 1 3
756531 110.81 5.73 30 1 3
413796 56.65 6.37 47 1 0
601539 210.99 5.09 38 1 0
753953 208.27 5.44 21 1 0
219165 24.63 6.02 52 1 3
239970 133.37 3.52 23 1 7
601909 3.57 5.45 53 0 7
386483 1.97 6.45 37 0 7
504372 36.21 5.5 20 1 3
731397 361.92 4.17 50 1 7
328642 79.15 4.49 52 1 7
639182 9.21 4.75 55 0 7
719039 15.13 7.3 35 0 0
192866 11.02 8.01 55 1 5
526181 48.18 6.29 37 1 7
748897 11.76 4.73 23 0 3
501199 69.57 4.22 48 1 7
541796 3.65 5.41 37 0 7
513683 23.12 5.7 33 1 5
556480 159.91 4.35 37 1 7
285240 30.95 7.92 38 1 7
794063 8.9 5.64 19 0 3
772298 40.28 5.96 20 0 0
848515 115.56 3.22 51 0 0
557413 11.82 6.38 22 0 7
701134 24.41 5.36 34 0 3
829779 26.95 5.54 29 0 0
702165 60.24 3.68 25 1 7
816477 6.93 5.83 49 1 7
217543 12.45 4.56 30 0 3
725654 12.59 7.47 44 0 3
461127 18.6 6.3 44 0 0
159871 18.5 7.21 41 0 0
765388 6.48 5.24 31 0 3
703297 2.57 5.92 21 0 7
702961 83.46 5.64 30 1 3
484456 3.33 4.58 26 0 7
731257 187.19 4.72 38 1 3
832898 161.81 5.24 27 1 7
396193 55.79 5.16 45 1 5
181862 13.74 6.76 53 0 0
800501 17.35 4.1 41 0 5
438164 18.54 4.15 25 1 5
470320 33.27 4.69 37 0 0
493808 120.14 5.85 31 1 0
611280 88.98 5.92 37 1 5
352230 8.2 7.21 34 0 3
271897 91.89 4.92 44 1 7
367504 2.45 6.05 42 0 3
741278 37.99 6.04 28 0 0
366521 102.55 5.92 49 1 5
731105 5.01 6.46 54 0 5
754237 9.06 3.82 29 0 7
842272 6.83 5.66 48 0 3
583003 14.05 8.22 29 1 0
293738 50.47 5.63 41 1 5
271053 17.38 6.59 35 1 3
291325 1.86 5.74 39 0 5
303816 47.46 6.01 53 1 3
742948 52.88 5.22 44 1 7
552136 15.87 6.97 19 1 5
771043 0.96 6.81 20 0 7
586185 5.05 3.58 39 0 7
707621 15.68 5.18 41 1 7
819016 179.31 5.99 32 1 0
438398 7.01 4.98 28 0 3
282485 32.37 6.7 32 0 5
163009 74.49 5.58 36 1 5
395619 225.08 4.82 31 1 0
248333 4.42 4.8 24 0 7
494451 31.7 6.54 27 1 3
311686 139.55 5 28 1 3
459130 14.97 8.11 27 1 7
294052 345.98 5.52 28 1 0
267681 312.99 6.55 50 1 5
262444 20.98 5.15 32 0 7
169565 207.33 6.08 51 1 0
677009 3 5.19 54 0 7
754695 17.68 4.8 45 0 7
321084 2.57 6.41 34 0 7
244483 2.88 6.64 37 0 7
526173 32.22 6.39 47 1 0
336311 40.86 5.46 50 1 3
671675 11.07 4.87 37 1 7
455088 52.03 6.01 39 1 3
307172 8.27 7.22 41 0 3
674250 19.96 5.12 43 0 7
325470 1.71 4.24 21 0 7
546541 42.12 5.42 37 0 7
372489 29.84 5.43 49 0 0
587662 61.44 5.28 24 1 3
168539 4.59 5.99 44 0 3
292890 11.22 6.35 44 0 0
135267 4.55 6.06 28 0 3
890062 28.31 3.07 33 0 5
132727 6.47 6.28 48 0 7
227633 2.72 5.75 20 0 3
414194 34 4.84 45 0 0
322131 8.95 5.52 46 0 3
686422 9.34 5.42 49 0 3
838045 5.66 4.89 38 0 5
214843 15.28 5.53 51 0 5
336645 12.84 5.79 36 0 5
645656 13.52 6.02 30 0 3
157928 31.37 5.98 26 0 0
749098 56.94 7.33 52 1 7
605921 136.43 6.07 36 1 0
169764 166.4 5.27 52 1 0
438403 7.84 6.03 37 0 7
117991 45.13 5.01 35 1 7
150926 7.14 5.05 49 0 5
648874 52.72 6.53 40 1 0
571076 54.13 3.74 46 0 3
243380 45.23 4.87 30 0 0
805896 114.23 6.16 22 1 3
437084 5.36 4.03 36 0 5
121640 24.03 4.71 49 1 5
432732 4.75 6.36 46 0 5
718787 42.06 5.08 25 1 3
323440 77.5 6.1 35 1 3
276065 8.81 5.96 37 0 3
829698 140.74 4.98 19 1 0
693171 82.06 4.83 47 1 7
473419 44.59 4.68 25 1 7
281212 21.17 4.22 34 1 7
578869 1.33 6.96 30 0 5
120118 14.67 7.94 41 1 7
769243 57.5 4.42 54 0 3
154640 29.43 6.39 43 0 3
274903 24.63 3.66 20 0 5
525456 160.24 6.28 41 1 0
516382 50.11 5.49 40 0 3
352123 14.63 4.48 31 0 3
536240 5.39 6.69 31 0 3
605459 96.65 4.15 46 1 5
622781 130.1 4.42 30 1 5
722980 13.87 6.08 40 1 3
601380 58.9 5.73 42 1 0
257906 229.93 4.88 42 1 0
544466 17.63 5.38 46 1 7
416079 12.28 5.61 24 0 5
899694 61.1 6.63 50 1 7
114274 121.78 5.51 23 1 0
552795 14.17 5 28 0 3
159439 136.55 6.89 54 1 0
855588 22.55 6.88 46 1 3
665599 32.84 5.11 36 1 5
774342 19.89 6.28 51 1 3
216108 5.74 7.03 43 0 3
891911 44.81 5.46 35 1 5
151039 8.73 3.44 38 0 5
271815 4.01 5.77 38 0 3
357445 78.4 5.76 36 1 0
707867 2.81 6.08 37 0 5
150896 144.77 5.17 24 1 7
705392 66.92 6.94 38 1 3
715403 16.25 6.66 40 0 3
696280 2.35 6.64 48 0 5
158162 4.27 5.53 51 0 3
858781 5.51 5.69 53 0 5
639361 9 7.81 29 0 3
310999 52.38 3.3 26 0 0
751515 5.24 5.22 34 0 7
103380 10.89 6.38 19 0 5
318438 85.94 4.3 45 1 3
730737 170.67 5.01 23 1 0
428017 32.44 4.66 22 1 5
860795 160.11 5.06 29 1 0
210284 8.57 5.89 26 0 5
290970 2.31 5.58 34 0 5
522829 3.43 5.87 25 0 3
457142 157.61 6.47 42 1 7
802641 29.41 5.33 34 1 7
783927 63.32 4.63 52 1 5
153974 26.23 5.14 52 0 7
887093 13.7 5.99 46 1 3
424106 2.23 6.68 47 0 3
371780 10.18 7.41 29 0 0
800704 48.63 4.51 28 1 7
224420 42.11 5.33 32 1 3
579041 16.2 5.13 54 1 5
105288 136.56 4.19 46 1 3
277821 117.4 5 43 1 5
164636 75.8 7.64 49 1 0
835940 15.43 4.61 50 1 5
364275 272.08 4.87 39 1 3
428779 15.22 6.48 30 1 7
780262 29.99 5.77 53 0 0
879556 17.79 7.63 26 0 3
595690 36.17 5.79 23 1 7
551368 25.73 5.53 32 0 3
699874 34.5 6.79 23 1 3
345011 95.64 4.71 36 1 0
840459 5.39 5.16 41 0 3
856190 99.57 7.15 21 1 0
361916 11.69 4.04 25 1 7
845411 18.83 5.93 21 0 0
620947 14.24 5.94 19 0 0
132017 216.79 3.76 40 1 0
253644 2.75 6.21 21 0 7
690608 11.04 6 34 1 5
728041 41.17 5.78 49 1 7
611947 63.64 3.82 36 1 7
219102 54.2 4.12 26 1 7
329710 288.27 4.66 30 1 7
397547 6.46 5.5 25 0 3
740806 84.19 6.5 44 1 0
799917 24.4 5.6 35 1 7
508524 400 4.92 47 1 0
430358 7.49 5.48 38 0 3
519889 20.41 5.26 52 1 7
392420 20.42 5.67 41 1 3
506580 95.76 5.68 52 1 0
737948 1.02 6.47 25 0 7
183140 24.32 4.38 26 1 5
169086 4.01 6.63 30 1 7
220877 127.66 5.03 43 1 3
495845 60.4 5.39 53 1 3
759885 57.93 4.45 40 1 5
294688 0.83 6.82 48 0 7
832062 54.55 3.97 26 1 7
263377 19.55 4.22 26 0 3
691447 10.81 6.12 32 0 3
695582 8.21 8.48 36 1 7
756759 71.32 4.48 18 1 3
767768 29.92 5.81 25 1 7
589687 19.3 5.73 43 0 0
850927 82.35 7.38 43 1 3
218196 1.76 6.51 48 0 5
686147 58.46 4.85 22 1 3
337108 3.36 5.96 32 0 3
547226 9.08 5.75 34 0 3
314683 10.43 5.46 23 1 7
676476 4.44 6.14 40 0 7
364710 7.22 6.69 31 0 5
846683 94.8 4.98 43 1 3
548009 4.72 6.96 34 1 7
762694 14.8 5.29 28 1 7
798038 70.63 5.75 38 1 5
205657 17.62 6.08 25 1 7
679458 23.19 4.77 43 0 5
618875 20.82 7.03 23 1 3
856251 3.07 5.92 31 0 7
514539 84.72 6.43 46 1 3
835446 77.87 5.81 26 1 0
446739 16.41 5.13 44 1 7
734249 72.5 5.46 36 1 3
166802 6.16 5.09 35 0 7
292710 23.28 5.99 40 0 0
283540 29.92 4.97 35 1 7
864284 4.69 5.83 51 0 5
256848 69.5 6.83 46 1 0
733242 85.17 4.67 51 0 0
824724 6.93 5.57 34 0 7
826488 81.09 3.77 36 1 5
648970 10.1 7.4 36 1 3
880108 20.22 6.02 21 1 5
690194 27.16 6.46 44 1 5
317752 33.41 5.6 28 1 5
679112 208.94 4.57 40 1 7
526873 139.34 4.84 45 1 0
345182 5.56 5.5 46 0 3
832471 8.84 7.94 50 1 5
643650 1.32 8.15 25 0 5
707957 37.06 5.4 18 1 7
217860 44.21 5.8 24 1 7
386799 5.24 6.69 51 0 7
123288 12.09 6.8 45 0 3
489651 2.67 6.23 51 0 7
656249 9.32 5.65 48 0 0
815500 12.55 5.41 18 0 3
101963 3.48 5.3 52 0 5
685883 165.98 5.61 27 1 0
194134 8.4 5.14 38 1 7
894757 9.21 6.27 43 0 5
478414 40.12 5.62 37 1 7
341385 1.78 5.13 39 0 7
818328 4.99 4.8 34 0 7
557292 199.15 4.01 39 1 0
819519 6.09 5.69 30 1 7
841202 82.34 4.2 42 1 5
498671 23.85 6.46 22 1 3
784600 7.23 6.17 21 0 7
867017 6.94 6.41 39 0 3
521158 57.73 5.72 30 1 7
255121 61.52 5.82 38 1 0
371533 10.05 6.13 27 1 7
166483 110.17 4.46 49 1 5
833011 152.33 4.89 48 1 5
702418 4.99 6.41 42 0 3
799910 5.18 7.25 39 0 7
779409 266.13 4.59 42 1 0
384115 17.17 4.61 41 0 5
522121 3.32 7.5 27 0 5
112773 18.92 6.32 52 0 3
219257 29.73 6.15 33 1 3
431851 306.08 4.6 35 1 7
235857 22.09 4.36 54 0 3
824108 10.07 6.78 48 0 5
146151 30.23 7.64 54 1 5
151516 101.46 5.22 48 1 3
158036 7.6 4.66 52 0 7
237169 14.92 5.37 24 0 7
891124 23.45 5.45 28 1 3
786673 29.61 7.98 52 1 0
413116 1.54 5.86 39 0 5
355370 95.64 6.03 26 1 3
760382 14.22 6.36 32 1 7
780333 3.28 7.49 22 0 3
680400 16.2 6.4 48 0 7
348180 71.51 6.02 20 1 0
498404 2.56 6.94 34 0 3
838804 6.2 5.6 43 0 5
808774 3.7 6.14 49 0 5
842546 11.79 6.21 55 0 0
414608 12.69 6.84 22 1 5
375878 37.96 4.43 27 1 7
701263 58.25 3.45 47 1 7
332986 7.57 5.96 54 0 3
177690 118.32 5.68 45 1 0
185799 23.05 5.97 40 1 7
717129 107.76 5.85 24 1 5
305718 112.46 5.78 55 1 0
205959 1.53 5.69 23 0 7
306039 8 4.85 42 0 7
791702 151.64 7.15 55 1 7
813638 49.76 5.64 25 1 7
320669 45.69 5.96 48 1 3
562446 64.02 5.31 28 1 3
247663 12.48 3.81 23 0 3
893380 10.68 7.98 46 1 3
428232 10.37 5.82 32 1 5
336237 72.45 5.47 42 1 7
686825 53.24 4.52 31 1 3
634582 18.53 7.22 33 1 7
609699 34.55 5.11 55 1 5
640874 61.47 6.1 49 1 7
391987 17.57 5.86 31 1 5
661534 17.69 4.92 34 1 5
386474 22.62 6.72 37 1 0
231994 5.51 6.43 33 0 5
677640 46.72 3.21 48 0 3
299237 40.74 6.02 53 0 0
631438 4.39 5.43 22 0 7
808610 20.98 7.2 51 1 7
875739 4.15 6.71 26 0 7
855307 5.81 5.93 25 0 3
597737 13.77 5.01 52 0 3
826874 96.48 5.24 23 1 5
218493 6.02 5.57 23 0 3
109080 2.76 4.99 26 0 5
352880 0.88 6.11 26 0 7
248419 6.51 5.93 44 0 3
644592 17.6 6.29 20 1 3
141778 62.59 4.5 32 1 7
855518 26.56 5.25 23 1 7
113059 21.06 5.31 50 1 3
346689 26.63 5.8 40 1 7
186081 18.88 5.88 21 0 0
851830 142.37 3.58 41 1 3
264815 97.73 5.9 42 1 0
408400 37.83 5.36 21 1 5
878604 1.43 6.24 47 0 7
125218 1.94 6.07 49 0 7
278873 5.55 5.04 22 0 5
531956 212 4.9 41 1 0
235294 3.28 6.37 46 0 3
450956 277.04 5.09 37 1 0
308137 38.9 6.38 37 1 3
327372 9.38 5.37 49 1 7
517145 24.55 5.02 19 1 5
839212 142.95 6.38 55 1 0
176361 8.63 5.27 50 1 7
531610 205.94 4.9 25 1 3
721599 14.32 5.88 43 0 5
223283 103.9 5.8 55 1 0
338802 64.25 5.46 39 1 7
431380 7.63 7.1 38 0 7
729559 37.9 6.25 46 0 0
626724 47.88 5.9 44 1 0
414307 15.17 5.82 19 1 7
274533 2.51 6.33 49 0 5
137626 21.77 6.21 49 0 5
293318 63.46 3.66 50 0 7
575094 7.92 4.88 43 1 7
675604 81.95 5.96 45 1 0
312668 201.67 2.79 44 1 3
583086 7.75 6.78 28 0 0
796573 3.4 6.31 24 0 3
771879 46.16 4.01 43 1 3
784555 13.31 5.36 25 0 7
892121 81.14 6.59 51 1 7
294489 25.61 6.13 26 1 5
383055 152.86 4.9 34 1 0
271287 44.86 7.97 39 1 0
778903 1.92 7.19 24 0 7
189567 19.32 7 39 1 7
686198 12.76 5.29 26 0 7
610959 85.2 5.54 41 1 5
376122 63.87 5.65 21 1 5
719991 51.14 6.05 37 1 5
219569 3.58 5.63 23 0 5
474601 5.36 4.94 53 0 5
171868 17.35 4.75 23 0 3
486069 79.12 5.1 25 1 5
167606 14.6 4.74 24 0 0
894227 105.85 6.68 28 1 5
663057 125.97 4.56 55 1 7
848078 5.77 6.21 32 0 3
557180 39.37 7.44 55 1 0
796688 6.24 5.84 30 0 3
578853 77.64 5.03 42 1 7
163857 1.27 6.01 23 0 7
350788 14.6 5.86 34 0 5
296247 71.61 5.39 49 1 0
204343 32.22 3.65 27 0 5
588121 122.45 3.85 48 1 5
101790 10.26 7.34 43 1 7
176062 400 2.97 31 1 0
897674 49.83 6.02 54 1 3
247208 66.49 3.21 41 1 5
457963 93.9 3.53 18 1 3
848190 99.27 3.46 54 1 3
757514 8.05 5.42 25 0 3
587245 6.22 3.98 30 0 5
622853 10.89 6.59 33 0 7
377368 114.25 4.69 38 1 3
722051 75.44 5.48 46 1 0
809303 22.67 6.49 28 1 7
751461 49.64 4.6 23 1 5
161389 326.15 4.6 39 1 5
631555 1.42 7.6 52 0 7
783850 13.53 6 48 1 7
258737 8.81 5.05 30 0 7
644959 37.07 5.96 52 1 3
154429 4.66 7.32 35 1 7
303991 77.25 4.29 49 0 5
836592 2.42 6.57 30 0 5
653045 388.99 4.01 51 1 0
816993 51.35 7.29 23 1 5
207674 6.22 6.02 47 0 5
454261 52.71 6.2 42 1 3
469487 58.11 6.35 44 1 5
134389 10.73 5.53 46 0 0
562680 5.73 5.42 38 0 5
459551 41.76 6.1 29 1 3
753421 7.91 6.98 47 0 3
561044 4.3 5.57 34 0 5
745849 7.89 6.35 21 0 3
756703 90.28 5.18 48 1 0
320114 19.41 5.74 33 1 3
345482 2.97 5.79 48 0 5
559893 21.87 4.2 38 0 3
714929 15.58 3.56 55 0 5
225759 47.83 4.65 49 1 5
479236 208.43 4.77 28 1 7
433099 32.51 4.03 18 1 7
836602 33.9 6.35 52 0 0
632537 11.06 5.48 25 0 7
284337 48.52 5.74 33 1 3
141239 46.12 4.76 31 1 5
286513 43.78 6.25 45 1 5
103741 20.84 5.15 30 1 3
199400 24.45 4.6 27 1 7
146846 400 3.97 19 1 3
754551 36.4 5.75 28 1 5
895778 4.37 5.74 23 0 3
471463 30.14 5.71 51 1 3
749852 105.76 5.12 27 1 7
845053 18.88 5.48 51 1 5
140390 3.37 5.61 33 0 3
484679 0.83 6.72 42 0 7
203801 25.8 5.62 29 1 5
585870 2.91 6.3 35 0 3
269745 71.61 5.73 28 1 0
195653 50.02 4.08 35 1 7
308127 182.06 5.69 20 1 0
223041 51.35 5.26 55 1 5
323341 3.88 4.22 41 0 5
257842 151.04 6.81 45 1 0
170379 15.56 4.75 35 0 3
312799 77.36 7.16 53 1 7
887158 107.61 6.1 37 1 0
770888 75.65 6.19 31 1 0
855869 10.74 6.07 23 1 5
613207 160.26 5.99 34 1 5
440559 4.81 5.52 40 0 5
313968 201.56 4.65 43 1 0
554294 82.31 5.87 34 1 0
322665 9.9 4.02 52 0 7
784550 7.14 5.79 34 0 5
620190 32.49 3.72 39 1 7
494037 6.63 7.26 28 1 7
459334 58.22 6.58 49 1 7
526231 5.61 6.07 30 0 7
583476 19.87 6.35 45 0 0
732034 3.97 5.35 53 0 5
656832 43.91 5.48 42 1 7
124217 1.42 5.81 31 0 7
457767 9.27 4.99 40 1 7
779242 4.36 4.99 36 0 7
543336 1.15 6.23 52 0 7
343877 217.45 4.13 52 1 0
806040 29.76 3.45 34 0 7
160551 8.78 4.16 41 0 7
514896 44.4 5.01 38 1 7
763502 31.24 6.58 52 1 0
741376 62.47 4.16 21 1 3
279162 75.74 5.3 49 1 3
334013 17.13 5.37 53 1 3
736944 21.51 5.55 41 1 7
796558 22.51 4.09 26 0 3
146225 47.28 6.18 23 1 3
832875 13.72 4.66 55 1 5
460824 5.11 6.97 23 0 3
496165 28.62 5.27 34 1 5
160392 55.98 6.18 50 1 3
543873 2.21 7.15 33 0 7
827987 99.97 3.4 49 1 7
641601 3.07 6.32 42 0 7
168129 313.72 4.28 51 1 0
253415 15.31 5.24 55 1 5
484672 31.29 4.77 39 1 7
193611 119.9 6.34 28 1 3
588161 50.14 3.92 54 1 5
195068 29.65 4.52 43 0 3
435991 4.61 5.89 24 0 3
298074 2.49 5.74 25 0 5
102924 8.97 5.96 48 0 5
303948 20.93 6.37 36 1 7
667851 44.22 5.38 31 1 0
637779 20.68 6.88 32 1 5
512728 11.46 6.67 38 1 7
349606 53.81 5.26 34 1 7
502313 3.12 5.68 26 0 7
642055 8.28 6.69 20 1 5
898880 83.2 3.38 32 1 7
737323 2.78 4.93 44 0 7
218950 28.77 5.36 35 1 3
354986 18.56 5.21 47 0 5
118514 8.12 4.08 23 0 5
824385 9.51 5.76 30 0 5
508411 192.62 6.47 33 1 0
694705 34.4 6.47 53 1 3
342153 28.06 6.23 50 1 3
357552 13.72 5.14 36 0 7
778481 13.32 6.9 36 0 0
369473 25.87 5.24 44 1 3
176687 26.03 5.54 37 1 3
280028 5.9 5.78 26 0 5
607440 169.24 4.79 40 1 0
784977 60.92 4.95 49 1 0
621753 47.54 5.67 35 1 3
282017 74.85 5.13 27 1 0
248983 9.35 5.62 47 1 7
114794 12.03 6.49 54 0 5
110621 2.16 5.26 41 0 5
878703 3.71 5.05 21 0 5
490843 42.85 5.95 38 1 3
320254 60.15 5.96 33 1 3
569982 1.39 5.7 41 0 7
686651 24.29 5.25 52 1 3
293664 400 4.21 45 1 5
844169 152.69 5.45 48 1 0
520030 42.23 7.22 51 1 7
881095 5.27 5.93 42 0 7
187257 69.94 7.54 33 1 0
814959 177.48 5.57 54 1 7
745119 12.03 5.04 36 1 7
501821 14.51 3.46 21 0 7
667857 142.79 2.99 30 1 5
412710 98.24 4.5 21 1 7
189684 8.56 5.46 44 0 5
567187 22.9 6.36 31 1 7
168469 3.98 6.59 47 0 7
789117 73.02 5.12 53 1 7
576888 85.63 5.83 44 1 0
205880 18.85 5.33 29 0 0
649959 4.38 7.91 31 0 7
159743 6.95 7 43 0 0
405762 41.52 4.43 41 1 3
267117 42.03 4.56 44 1 7
557514 2.02 6.43 44 0 7
112633 46.6 6.68 53 0 0
624968 134.97 5.68 30 1 0
250550 199.09 5.82 51 1 0
222777 5.74 6.01 42 0 3
516662 17.4 5.75 50 0 7
162263 14.49 5.67 26 1 3
463062 64.77 5.75 34 1 0
276966 230.78 5.6 43 1 0
477470 78.49 4.72 49 1 5
790921 2.36 4.89 46 0 7
525918 18.5 6.95 46 0 0
781554 7.73 6.21 19 1 7
874674 48.1 5.43 48 1 3
824449 96.27 6.26 54 1 0
789666 12.43 5.35 18 0 5
180757 21.97 4.01 41 0 5
531772 53.11 6.64 49 1 5
485733 10.54 5.55 30 0 3
294830 24.15 4.18 41 1 7
517726 357.27 6.58 25 1 0
212015 22.11 4.96 45 0 7
793432 1.6 6.24 20 0 7
537543 86.66 5.42 52 1 3
231982 10.69 4.44 26 0 5
239989 35.24 5.65 33 1 5
783848 1.59 5.16 31 0 7
832007 2.77 6.53 39 0 5
142749 3.55 6.11 43 0 7
479456 44.26 5.17 34 1 5
804172 8.72 5.09 50 1 7
386826 38.48 3.75 22 1 7
586596 4.03 7.24 19 0 3
218557 32.6 6.48 45 1 7
109243 26.34 4.3 45 0 3
662320 113.39 3.68 23 1 5
465534 5.55 5.76 23 0 3
184832 34.84 5.52 24 1 7
554385 4.37 5.67 24 0 7
133292 93.71 4.67 44 1 5
377656 75.93 6.96 31 1 0
430480 249.5 4.55 25 1 5
155444 18.06 6.6 41 0 0
765267 24.79 5.18 54 1 5
644233 95.53 3.41 51 1 7
517208 19.91 3.92 26 0 7
241079 19.72 6.7 20 1 3
699317 7.99 5.27 50 0 7
439491 4.61 4.76 38 0 5
440454 18.9 6.19 22 1 3
270535 42.25 5.6 34 1 5
813205 4.21 5.98 20 0 7
585787 3.49 5.27 38 0 5
572165 3.34 4.37 32 0 7
203800 27.53 8.29 39 1 5
478815 26.75 4.45 31 0 0
314008 8.85 5.47 54 0 3
403247 281 4.46 33 1 0
189152 117.36 4.86 31 1 5
323100 91.65 5.25 54 1 5
128341 1.81 6.12 33 0 7
808922 11.93 7.03 23 0 0
507259 23.28 3.19 30 0 3
499946 169.56 3.98 47 1 0
176543 12.96 4.26 42 0 5
471568 33.24 5.92 44 1 7
267772 34.56 4.64 32 1 7
617212 12.08 4.51 37 0 5
759023 59.13 7.14 27 1 0
634133 53.01 6.58 26 1 5
417715 43.8 5.76 28 1 0
171706 33.89 6.87 40 1 3
217406 4.06 7.75 44 0 3
262205 12.21 6.18 28 1 7
133064 69.11 6.33 47 0 0
373167 6.42 4.29 31 0 5
779316 2.07 6.88 35 0 7
665277 210.08 5.73 27 1 3
783824 5.37 5.39 46 0 7
842186 400 4.24 54 1 0
629163 3.47 5.69 38 0 3
712714 49.85 5.94 24 1 0
770350 4.15 5.54 44 0 3
592951 2.96 5.42 48 0 7
880869 18.52 5.38 30 1 5
392395 4.23 4.68 36 0 7
276887 26.43 6.27 52 1 3
381044 47.44 6.07 48 1 3
144050 30.29 6.55 47 1 7
825983 3.05 5.06 47 0 7
311791 6.61 6.13 48 0 5
758954 63.91 4.95 24 1 3
895496 18.15 5.82 26 1 7
138451 90.32 6.01 41 1 0
728568 164.97 5.15 35 1 7
326217 94.01 5.24 37 1 7
333047 4.12 6.51 48 0 3
859827 70.61 4.7 29 1 3
581360 19.3 6.81 53 1 3
390962 16.86 5.07 19 1 5
320449 4.87 5.84 36 0 0
406677 0.86 5.63 51 0 7
197661 151.51 6.38 40 1 3
647670 228.13 4.9 49 1 3
764550 61.63 6.24 41 1 7
494561 272.6 5.21 33 1 3
395757 4.17 5.06 39 0 7
606898 114.8 6.16 25 1 5
821432 1.98 6.37 43 0 7
844171 5.65 6.81 34 0 0
525475 7.64 6.57 53 0 5
680947 45.3 4.58 40 1 5
407849 93.54 5.4 35 1 3
656054 9.82 6.03 44 0 5
291641 30.49 6.56 34 1 5
676706 115.56 5.85 36 1 7
508376 76.31 4.97 22 1 3
304661 5.01 4.63 48 0 5
237779 9.97 4.45 25 0 3
477195 0.68 5.68 31 0 7
502883 240.29 4.62 49 1 7
812322 4.22 6.15 43 0 5
622938 1.73 5.61 42 0 5
470866 33.71 7.19 42 1 5
709009 0.8 5.65 50 0 7
548613 4.36 5.72 44 0 7
300613 31.23 4.08 43 1 5
184842 36.67 7 44 1 0
433778 49.87 3.56 48 1 7
287704 16 5.43 29 0 0
410163 30.53 5.16 18 0 5
584365 39 6.98 40 1 3
550100 5.9 6.07 37 0 5
809504 4.48 6.05 24 0 3
838563 42.76 5.05 41 1 3
416949 118.64 6.07 27 1 5
520957 97 5.74 37 1 0
558666 5.36 5.94 32 0 5
372976 33.04 4.12 36 0 3
890487 238.75 5.93 32 1 5
148313 1.38 5.7 33 0 7
399250 15.51 5.26 25 1 5
176231 229.05 6.5 37 1 0
692277 68.04 4.44 51 0 0
721917 30.14 3.95 52 0 7
652107 6.25 7.15 38 1 3
191452 72.49 5.42 23 1 7
450502 5.28 5.64 44 0 5
355301 11.4 6.19 37 1 5
739012 62.88 5.07 19 1 3
607462 116.19 5.35 35 1 5
650459 10.12 4.96 40 1 5
718303 65.13 7.59 48 1 0
392676 15.78 5.82 33 1 7
550985 18.37 4.16 24 0 5
437271 38.05 5.73 30 0 3
162863 117.01 4.73 35 1 0
205857 2.27 6.06 23 0 7
874334 48.02 5.88 36 1 3
685667 26.14 5.18 19 0 3
617785 4.73 5.79 48 0 7
717761 201.81 4.53 40 1 7
554987 5.63 5.22 53 0 7
198655 179.49 4.25 44 1 3
317343 59.97 5.66 43 1 3
688141 10.67 5.18 20 0 5
572517 9.59 6.59 24 1 5
152382 15.09 6.12 27 1 3
384225 6.84 5.64 48 0 3
212107 32.02 3.44 19 1 7
590374 20.51 5.33 51 1 5
208748 220.18 5.7 49 1 0
697836 31.56 5.84 52 0 0
149968 25 6.14 44 1 7
606856 111.16 5.41 39 1 0
580384 101.88 5.52 47 1 7
651646 43.24 6.52 23 1 0
784172 32.94 7.33 37 1 5
173119 27.4 6.29 19 1 5
731247 264.6 6.49 37 1 0
255688 150.62 4.2 40 1 7
202096 0.8 4.68 18 0 7
364087 168.71 6.64 19 1 0
672178 34.8 6.48 33 1 5
774549 29.95 4.41 34 0 5
370297 80.37 5.61 42 1 5
303556 1.41 5.92 24 0 5
186107 10.15 5.07 53 0 7
316761 40.82 6.18 20 1 0
781473 7.01 6.38 27 0 3
646224 16.86 7.72 52 1 5
509568 9.31 4.69 18 0 5
714525 57.71 5.88 55 0 0
775948 111.85 6.93 23 1 0
651486 0.77 6.64 51 0 7
536457 25.76 4.58 25 0 3
284089 48.85 5.93 18 1 3
588535 12.94 6.56 28 1 7
861759 3.97 5.36 53 0 5
459541 2.19 5.56 35 0 5
506472 128.74 4.16 34 1 3
327010 25.18 7.63 43 1 3
807078 16.23 8.58 34 1 0
640963 46.85 5.62 23 1 0
887761 5.7 6.96 28 1 5
135116 40.1 4.5 26 0 3
852261 149.04 5.7 26 1 5
286899 9.79 5.31 25 0 7
842360 176.88 5.29 22 1 0
488771 6.85 6.1 21 0 3
178947 72.06 6.62 50 1 0
755590 113.55 6.89 51 1 0
288672 43.22 5.45 33 1 3
256632 40.17 6.49 54 0 3
470061 9.26 5.23 39 0 3
880680 6.63 7.07 38 0 5
301848 22.43 7.55 54 1 0
372647 12.47 7.99 48 1 7
356298 16.37 5.19 52 1 7
836220 10.37 6.52 20 1 7
220830 45.31 6.19 28 1 3
446974 8.48 5.97 40 0 7
371640 0.99 6.37 28 0 5
644330 21.95 6.85 42 0 0
158784 34.45 5.6 41 1 3
447853 29.79 4.95 27 0 5
307145 1.61 6.74 41 0 5
871116 41.19 5.66 52 1 7
225267 25.63 5.57 49 1 7
412127 4.5 5.95 32 0 5
663958 82.34 4.79 36 1 3
822158 17.19 6.9 26 1 3
384034 62.16 4.1 31 1 7
797948 61.56 4.53 20 1 7
686413 36.48 5.2 28 1 5
891807 90.64 6.38 52 1 0
605938 8.02 4.69 40 0 7
101716 8.77 8.3 32 1 7
384661 400 5.87 29 1 0
524573 13.98 5.24 26 0 7
305594 209.29 6.11 53 1 0
149405 5.84 4.59 33 0 3
699833 73.49 7.09 36 1 0
181539 55.7 5.7 51 1 7
468268 70.35 3.38 43 0 5
161528 37.82 5.25 21 1 3
257503 0.61 6.34 19 0 7
238172 10.01 4.2 41 0 7
290790 46.22 5.11 38 0 0
120416 17.6 6.2 25 1 5
437070 4.26 6.63 42 0 3
471141 5.32 5.86 23 0 3
808549 12.79 4.91 24 0 7
666536 357.43 4.99 48 1 0
249279 5.17 6.57 31 0 5
837838 29.67 6.78 53 1 0
574039 38.76 5.65 54 1 3
152145 5.84 5.3 23 0 3
840263 36.55 6.89 27 1 3
531879 222.55 3.9 42 1 5
713675 23.55 4.59 32 1 3
838616 93.01 5.76 39 1 0
144385 2.4 4.97 27 0 5
114065 8.02 7.26 31 0 0
224029 42.04 6.68 47 1 5
281888 35.8 6.33 51 1 5
626256 31.17 4.43 31 1 3
644655 42.06 6.98 38 1 0
721379 13.45 4.09 54 0 5
568787 37.75 5.91 49 1 7
189639 0.59 7.69 46 0 7
774192 34.28 8.06 43 1 0
872054 2.04 6.32 22 0 5
547433 3 8.1 54 0 5
402378 28.5 5.48 23 1 5
608956 25.51 6.38 25 1 7
595714 3.73 6.41 47 0 3
489192 32.25 6.04 35 0 0
386220 4.75 4.89 31 0 7
582145 0.79 6.5 43 0 5
571898 1.75 6.75 26 0 5
730036 21.28 4.99 41 1 3
514311 20.16 7.4 31 1 3
176507 25 4.81 22 0 3
602509 56.94 6.14 48 1 7
838369 9.74 4.91 52 0 7
773298 2.33 5.13 22 0 5
729141 43.97 5.77 21 1 3
693294 21.15 6.69 39 0 0
556805 12.34 5.01 33 0 5
346279 14.9 5.44 47 0 0
859103 14.59 5.94 33 0 0
612636 58.18 4.37 50 1 3
164072 91.51 6.62 38 1 0
894704 22.74 5.88 30 0 0
876567 18.55 4.93 41 0 0
408199 16.07 5.54 28 0 3
658662 57.51 5.86 40 1 3
812937 61.75 3 24 1 5
512509 20.89 5.02 18 1 7
650792 5.61 6.75 49 0 3
508661 12.52 2.59 45 0 7
786328 4.37 5.89 35 0 7
200822 37.29 5.05 48 1 5
209571 26.85 3.32 52 0 3
381968 2.95 6.54 34 1 7
305610 308.94 4.6 26 1 0
485724 1.52 7.83 28 0 7
369747 46.68 5.49 51 1 7
400842 16.16 6 51 1 5
738256 5.73 5.38 48 0 5
107222 10.21 6.72 24 0 0
319787 12.61 6.74 29 1 3
177944 38.44 5.25 40 1 3
463753 30.23 6.6 31 1 0
726781 66.06 3.9 39 1 7
607886 5.4 4.49 21 0 7
481289 8.53 7.6 30 1 3
173246 20.2 5 48 0 5
298393 4.84 5.73 32 0 3
424661 27.1 5.97 34 1 7
269679 152.01 6.22 34 1 0
374141 7.64 4.87 22 0 5
409293 9.09 4.65 36 0 7
781771 29.37 5.13 19 0 3
827992 10.41 5.05 34 0 3
117560 47.95 6.37 22 1 3
227911 13.29 3.39 53 0 5
207528 55.45 6.25 28 1 7
467507 93.03 3.73 38 1 3
201903 239 5.11 38 1 0
177165 53.14 6.51 49 1 3
716678 90.73 4.03 51 1 7
324128 123.83 5.58 25 1 0
379917 3.37 6.47 39 0 3
486917 228.24 4.24 27 1 0
296030 32.84 4.34 36 0 5
296327 65.82 5.27 20 1 5
526940 88.04 6.36 55 1 0
751889 8.75 5.47 40 0 5
637342 3.52 5.51 27 0 3
479514 26.83 4.05 21 1 7
363033 182.71 5.11 27 1 3
299766 2.73 4.84 35 0 7
447431 1.75 5.66 35 0 7
746141 36.71 4.93 20 1 5
568128 8.77 5.77 50 0 5
297430 10.69 7.54 22 1 3
330873 7.03 6.44 21 0 3
491616 45.39 5.31 55 1 7
755558 18.65 5.58 52 0 5
851172 2.43 6.7 24 0 5
538244 15.62 8.22 40 1 5
649466 13.7 6.85 53 0 3
605418 4.38 8.45 46 0 3
888444 2.72 5.63 21 0 7
408032 78.38 5.64 46 1 7
293131 183.86 4.62 52 1 0
851594 70.01 6.15 42 1 0
537401 3.57 4.73 25 0 7
153832 70.65 4.5 27 1 3
186272 132.69 4.64 42 1 7
282309 2.31 6.55 35 0 3
607875 188.7 3.11 43 1 3
647754 86.26 5.86 26 1 0
836354 11.85 6 48 0 0
827370 17.82 6.9 40 1 3
188410 13.94 6.14 27 0 3
188086 85.13 6.5 44 1 3
537884 14.25 5.48 43 0 3
126281 10.94 6.77 28 0 3
547480 25.62 4.11 49 1 5
264507 4.35 6.17 53 0 7
325248 1.96 6.04 36 0 7
702443 4.2 6.58 19 0 3
680101 47.64 7.26 22 1 0
257894 20.86 4.39 35 1 7
337214 15.68 4.03 43 0 7
260041 9.59 6.07 29 1 7
326116 9.69 6.25 47 0 0
299122 185.2 6.5 46 1 0
467636 1.24 7.03 35 0 3
488993 5.76 6.33 36 0 3
101408 4.44 7.3 32 1 7
381364 9.85 6.3 21 0 3
844974 37.34 4.35 55 0 5
193265 5.76 6.6 47 0 7
454663 40.71 4.34 29 0 0
826587 22.86 4.15 33 1 7
431305 2.04 5.7 35 0 5
127907 27.74 6.43 25 1 7
573882 363.81 2.61 39 1 3
414204 6.69 4.88 47 0 5
716301 8.79 6.38 48 0 3
780432 2.94 6.13 22 0 7
764893 9.53 5.93 50 0 0
517390 36.84 4.86 50 1 7
664473 13.3 6.58 35 1 7
210570 35.88 4.95 22 1 7
605211 13.26 6.67 31 0 3
830015 2.68 4.96 42 0 7
383577 27.32 5.4 48 1 7
405740 88.7 5.69 46 1 0
720794 9.68 5.57 22 1 7
169732 45.39 5.01 44 1 5
553433 0.93 6.82 48 0 7
159077 24.37 4.78 43 0 5
398272 4.47 6.26 31 0 3
227816 10.15 6.73 38 1 3
341523 0.64 7.35 21 0 7
496286 35.36 6.45 37 1 3
825577 105.79 3.94 42 1 7
551135 180.39 5.3 30 1 0
463948 19.03 5.92 51 1 7
749348 7.23 6.23 54 0 7
395418 122.19 3.97 23 1 3
774515 1.34 5.31 53 0 7
465829 78.54 5.5 52 1 0
106881 76.29 6.22 47 1 5
531857 3.3 5.47 43 0 7
665671 99.24 5.98 30 1 5
449086 32.57 5.67 47 1 3
682145 70.81 4.67 49 1 5
598795 126.45 5.21 23 1 0
569703 17.5 6.9 54 1 3
704316 63.68 2.36 41 1 7
463765 30.87 5.69 46 0 3
446781 52.4 5.26 20 1 3
242022 36.38 5.99 50 1 3
714263 82.39 5.05 52 1 5
159260 29.04 6.16 27 1 3
413363 12.19 7.44 53 1 7
753221 16.78 6.65 40 1 5
862722 59.64 6.03 26 1 5
240065 68.7 6.87 45 1 5
750109 6.68 6.11 54 0 0
519751 17.79 4.41 30 0 7
740343 26.24 5.81 41 1 3
210947 205.73 5.7 38 1 0
447497 14.81 5.58 38 1 5
391020 10.62 6.46 43 1 3
420286 9.4 5.01 39 0 7
231314 2.71 6.6 41 0 5
316994 163.17 6.09 48 1 0
719813 35.05 4.59 36 1 5
366410 20.94 7.16 47 1 3
829887 0.71 5.38 52 0 7
487440 2.7 5.4 53 0 7
767816 3.61 5.83 22 0 7
618048 5.24 5.58 43 0 7
829823 2.35 6.49 37 0 5
338838 132.14 4.73 48 1 7
192664 62.75 6.58 52 1 7
889926 400 4.68 34 1 7
160856 115.22 4.1 32 1 7
467558 400 4.62 23 1 0
886494 12.61 5.79 19 0 3
180442 36.6 4.24 21 0 0
893484 34.31 4.88 31 1 7
511673 16.49 7.97 55 0 0
778910 30.29 5.37 40 0 0
111220 145.03 6.17 37 1 0
226475 1.08 8.37 24 0 3
156217 5.79 7.5 24 0 7
695926 11.01 5.92 20 0 0
255677 12.27 6.44 53 0 3
522876 23.79 6.86 19 1 3
776597 1.97 6.44 37 0 7
376802 11.2 5.56 47 0 0
787270 39.36 6.72 40 1 3
362217 56.93 4.97 49 1 3
309239 4.21 5.91 29 0 5
585175 397.34 2.88 42 1 0
405499 84.63 7.28 39 1 7
596940 5.67 5.02 39 0 5
704789 4.05 5.96 52 0 3
248779 16.54 6.84 47 0 0
530677 1.77 5.23 38 0 5
811179 22.27 5.44 49 0 7
299701 9.33 5.36 32 0 5
850817 1.37 7.77 28 0 3
455523 49.52 4.72 42 1 3
328922 35.95 6.05 52 0 7
208309 1.72 6.32 22 0 7
496455 2.29 5.92 51 0 5
155695 57.09 5.41 26 0 0
299279 85.66 6.08 49 1 0
535905 18.82 6.11 43 0 0
799213 20.77 5.4 53 1 3
656898 2.85 7.05 49 0 5
131671 29.97 5.85 45 1 7
426675 2.15 7.28 24 0 5
282075 368.54 4.61 50 1 0
201137 8.61 5.86 50 0 5
390353 58.88 5.36 37 1 0
720205 1.77 5.98 55 0 7
727854 10.02 5.67 42 0 3
535526 76.64 7.44 28 1 3
408727 17.44 7.4 41 0 0
697768 34.9 4.23 31 1 7
454659 10.71 5.68 32 0 3
673401 9.72 5.53 26 1 7
562243 21.24 4.4 44 0 5
160918 39.6 5.23 55 0 0
349470 2.13 7.12 49 0 7
634664 2.83 6.03 49 0 5
179040 12.86 6.13 34 0 5
721184 165.1 5.9 24 1 5
317481 4.45 6 27 0 3
433062 2.18 5.7 23 0 7
848318 14.22 4.87 43 0 3
274463 19.26 6.28 31 1 5
401184 91.59 6.11 50 1 3
839393 2.54 6.2 19 0 5
503529 7.3 5.47 34 0 5
371224 25.02 5.87 37 1 7
700781 5.64 6.53 36 0 7
207394 57.12 4.77 52 0 0
110070 2.48 5.12 40 0 7
231813 2.34 3.79 38 0 7
487047 12.59 4.34 30 1 7
469934 5.66 6.09 47 0 5
183689 17.56 4.68 52 0 5
758560 130.99 6.03 46 1 0
592654 80.58 6.28 31 1 5
390138 216.64 4.22 23 1 3
590328 13.72 3.88 53 0 7
518140 91.87 5.93 33 1 7
384680 36.81 5.25 47 1 3
324525 61.26 4.98 40 1 5
372192 5.91 6.18 51 0 7
670623 29.42 4.85 42 0 7
364439 273.64 5.71 35 1 3
431402 20.26 7.61 33 0 0
648641 18.22 7.94 40 1 3
654650 16.3 6.41 34 1 3
729067 38.45 4.92 33 1 7
480032 13.99 5.4 49 0 3
596473 44.15 5.46 24 1 7
171829 39.72 6.17 47 1 5
764712 400 3.85 36 1 0
780225 10.07 5.27 40 0 5
168422 3.22 4.69 47 0 7
379934 7.03 7.76 36 0 3
156329 188.99 3.21 22 1 7
785223 303.92 5.32 41 1 0
630434 15.84 5.06 42 1 7
444238 27.23 5.32 54 1 3
527126 73.35 4.3 46 1 3
232927 1.1 6.05 27 0 7
269575 165.39 5.62 47 1 3
852393 275.16 4.52 24 1 5
410795 2.99 5.24 54 0 5
308917 128.4 6.34 19 1 0
484610 4.12 7.19 49 0 7
460662 13.93 5.97 53 0 0
844366 224.5 4.82 33 1 5
842656 5.59 4.59 31 0 7
319512 17.45 6.24 42 1 5
128992 15.25 3.84 31 0 3
600100 40.91 6.55 51 1 7
621330 44.43 6.41 24 1 3
266247 12.56 4.05 43 0 3
341998 52.36 4.91 26 1 3
290207 20.16 2.86 35 0 7
402390 184.51 4.64 45 1 3
690799 121.37 5.12 22 1 0
171181 15.31 5.75 28 1 7
209025 7.54 3.78 22 0 5
372510 17.21 7.63 49 0 0
563649 45.2 6.61 41 1 5
306429 2.2 4.76 40 0 7
700042 10.83 5.93 26 0 3
353043 4.84 7.31 40 0 3
290561 3.93 4.39 31 0 5
261089 400 3.82 41 1 0
512547 4.61 6.43 22 0 3
454627 63.25 4.62 31 1 3
675416 5.06 5.48 47 0 7
881456 18.57 6.62 45 0 5
359167 12.89 5.18 37 1 7
620598 17.81 7.35 37 0 3
104095 209.96 6.4 40 1 0
730880 35.18 3.31 26 1 5
515514 3.58 5.2 41 0 3
516063 9.91 5.67 33 0 3
548368 29.77 4.91 41 1 5
773010 22.58 5.85 50 0 0
854353 17.27 4.85 40 1 7
869385 66.59 6.12 46 1 0
393530 54.11 5.75 25 1 5
402746 65.55 6.13 37 1 0
572801 19.55 4.68 27 1 5
434774 100.57 5.21 49 1 3
357733 57.89 4.33 55 1 7
805824 11.13 6.85 27 1 5
162188 53.73 4.74 18 1 7
814814 38.55 6.77 25 1 0
103241 32.28 4.1 40 1 7
778964 9.79 4.75 46 0 5
469463 27.54 4.28 42 0 3
205091 11.03 6.14 23 0 0
656068 3.75 6.32 42 0 5
402448 7.78 5.46 29 0 3
805841 16.84 5.56 48 1 7
406471 56.88 5.75 36 1 3
790446 19.12 4.84 41 0 7
114206 43.77 4.06 41 1 7
403482 61.47 7.33 35 1 0
510657 49.42 4.42 28 1 3
374635 4.01 6.21 53 0 5
443524 12.81 3.85 46 0 7
221490 46.67 4.7 20 1 7
315810 5.65 5.51 35 0 3
742755 54.95 5.13 41 1 7
891562 38.3 5.78 37 1 3
830648 7.03 6.99 35 1 7
689071 2.97 6.51 37 0 3
554187 54.78 6.16 39 1 3
633072 8.65 5.88 25 1 7
100860 83.53 5.67 22 1 7
796755 82.97 5.9 50 1 0
620168 16.82 5.76 27 0 3
212909 61.94 6.76 54 1 0
222779 7.76 5.63 33 0 3
271014 60.67 5.11 19 1 7
437249 19.81 6.15 36 0 3
579249 50.35 4.31 55 1 3
621394 1.64 5.62 33 0 7
311261 5.77 5.43 18 0 5
872135 73.17 6.29 42 1 0
422826 11.66 4.61 22 0 7
256497 39.81 3.76 39 0 0
240589 13.35 3.75 47 0 5
870743 8.92 5.07 41 0 7
789388 23.19 3.31 40 0 5
230013 15.96 5.1 34 1 7
392195 6.41 6.8 41 1 7
762071 98.4 4.97 43 1 3
132670 7.48 6.75 25 0 3
202197 43.04 5.24 37 1 3
535237 60.59 6.4 29 1 0
777156 14.25 5.06 43 0 7
616374 2.29 6.28 39 0 5
207145 14.81 4.33 30 0 5
872333 25.23 6.15 28 1 5
446148 52.06 6.04 52 1 0
272129 4.33 6.55 48 0 7
128042 33.37 6.5 51 1 3
269991 20.23 4.59 27 1 7
238916 25.35 4.82 52 1 7
804595 1.49 6.08 45 0 5
627783 4.43 6 31 0 7
460103 400 4.52 54 1 7
853960 16.67 7.6 23 1 3
621685 40.51 6.36 25 1 3
493491 14.28 5.51 33 0 3
641801 28.52 5 25 0 3
367160 5.6 4.7 50 0 3
310023 1.11 6.99 37 0 7
444264 46.5 6.09 27 1 3
575802 21.43 4.64 44 1 7
293150 266.8 4.95 53 1 7
848525 4.84 4.93 38 0 7
758584 5.45 5.82 34 0 7
167755 5.12 6.18 48 0 3
708973 3.94 6.1 44 0 7
563087 18.06 5.76 44 1 3
644651 4.36 6.29 28 0 7
688792 2.58 6.25 54 0 3
843246 5.33 6.05 21 0 5
178625 3.6 4.63 26 0 5
297351 40.93 6.43 43 0 5
419392 15.18 5.42 38 1 3
489424 70.34 5.21 26 1 3
432885 46.19 8.44 55 1 0
607199 1.56 5.21 33 0 7
776766 8.82 5.66 41 1 5
188902 10.77 7.74 34 0 0
156060 91.78 4.95 51 1 5
851805 12.09 5.43 34 1 7
498570 14.74 4.85 51 0 7
604586 57.94 6.28 24 1 0
167808 14.03 7.45 52 1 3
592021 17.19 4.45 44 0 3
859793 25.3 4.28 27 1 7
667680 21.87 6.58 45 1 5
346139 115.72 3.85 52 1 5
289146 15.63 4.38 35 0 3
431604 30.54 5.51 19 0 7
217936 4.62 8.19 44 1 5
245010 42.67 6.6 52 1 5
748174 153.33 6.76 44 1 0
851069 3.89 5.89 32 0 5
684122 50.98 4.75 30 1 5
359478 142.28 5.46 25 1 5
358186 4.72 6.84 36 0 7
179111 64.72 4.41 34 1 3
644338 400 5.6 48 1 7
301718 100.18 6.52 37 1 0
629141 21.94 7.16 18 1 7
254185 8.96 5.1 21 0 3
331828 10.4 5.86 31 0 0
783600 86.19 4.61 40 1 5
269636 43.73 6.32 43 0 3
722214 127.96 5.39 47 1 5
333106 45.94 5.79 49 1 5
208544 9.67 6.1 43 1 3
191953 252.42 4.53 19 1 0
448279 3.53 4.96 22 0 5
532828 181.54 6.3 37 1 3
667688 137.82 5.46 28 1 5
392759 0.99 5.33 35 0 7
401923 30.45 4.02 45 0 3
817277 101.11 6.36 39 1 0
701213 14.42 6.5 35 0 3
546403 1.74 5.1 29 0 7
466473 20.17 5.49 21 1 3
796263 4.87 5.11 31 0 3
370264 7.91 7.17 22 1 7
620823 34.84 5.77 50 1 7
604015 39.5 4.53 24 0 5
229172 400 4.66 28 1 0
768796 3.64 5.52 31 0 7
606599 3.71 5.8 55 0 5
597519 5.53 4.66 28 0 7
628876 16.45 5.2 34 0 3
420442 68.54 5.02 38 1 3
353838 50.45 5.89 23 1 3
795824 8.84 4.33 27 0 7
207882 3.5 6.59 46 0 3
535898 75.64 4.98 24 1 7
279150 39.36 6.14 44 1 7
376241 68.55 4.35 38 1 3
802073 37.94 5.5 51 1 3
470869 9.02 5.17 37 0 7
228571 19.39 7.38 35 1 5
737366 38.84 6.41 54 1 3
711079 62.37 4.62 43 1 7
371220 31.18 7.15 41 1 3
708308 1.52 5.37 40 0 7
783875 49.62 4.34 46 0 3
713185 55.21 5.91 20 1 7
209604 67.54 3.72 25 1 7
238814 1.4 6.25 39 0 7
754175 13.01 4.57 32 0 3
225427 1.41 6.28 48 0 7
560042 171.63 4.1 46 1 3
257959 199.23 3.59 31 1 3
109665 12.25 5.64 40 1 3
859702 14.51 5.57 54 0 5
435937 118.55 6.57 47 1 0
641284 83.72 5.04 35 1 0
302472 10.46 4.13 40 0 3
128119 70.12 3.94 23 1 3
731681 51.12 6.31 48 1 5
240087 4.31 5.85 44 0 5
349364 16.87 7.48 32 1 0
841361 37.02 6.05 21 1 5
238475 84.63 5.01 55 1 3
895772 63.23 5.27 42 1 5
888547 16.57 6.26 35 0 0
383624 10.41 6.56 31 1 3
180415 14.33 6.51 23 0 0
653266 9.18 6.59 48 1 3
670286 21.73 5.73 50 0 0
632348 2.44 6.75 48 0 7
391714 69.84 5.64 54 1 3
455239 11.69 5.39 36 0 3
191332 24.01 4.65 47 1 5
227818 22.34 5.56 23 1 7
158902 37.85 4.99 55 0 5
214920 64.92 4.8 37 1 3
259619 8.86 4.1 27 0 3
834877 36.18 5.88 51 1 0
875802 4.87 5.22 54 0 7
400348 74.92 5.06 21 1 3
245122 14.68 7.03 46 0 0
825438 13.32 6.88 49 0 3
565220 72.86 5.85 32 1 0
703123 8.53 5.05 48 0 5
560416 32.52 6.09 52 1 3
824428 1.41 5.08 30 0 7
556282 19.95 6.91 21 1 5
821321 45.81 5.85 40 1 5
825974 50.68 5.84 39 1 0
641806 7.5 4.97 18 0 5
638660 7.53 5 47 0 7
485324 5.47 5.91 48 1 7
523977 11.82 7.33 31 1 5
423987 57.93 6.68 50 1 0
617480 11.1 6.44 18 0 0
519772 77.78 5.88 29 1 0
568033 22.89 5.37 52 0 7
168126 1.01 6.04 30 0 7
539746 68.93 5.89 41 1 7
239969 257.31 3.06 34 1 3
882630 17.19 6.78 36 1 7
650827 70.54 6.14 36 1 7
138840 43.63 5.99 27 1 5
421359 27.91 4.01 45 0 0
760467 3.94 5.37 22 0 7
514017 6.85 5.91 28 1 7
495114 66.8 7.02 51 1 3
550946 6.85 7.43 36 0 7
651016 3.6 7.59 29 0 7
704746 188.35 7.61 50 1 0
887370 400 5.04 53 1 0
838108 7.34 6.66 24 0 7
139260 249.22 4.75 40 1 3
493910 147.15 5.39 35 1 0
605013 77.04 4.93 48 1 3
550029 11.15 4.81 48 0 5
614104 143.2 5.16 19 1 3
250013 8.28 5.39 34 1 7
453780 16.25 6.19 35 0 3
874273 8.79 6.93 30 1 7
753604 2.77 6.15 23 0 5
540183 27.28 4.76 29 0 0
299142 48.27 4.95 44 1 5
749621 5.5 5.67 34 0 7
260775 17.83 7.24 36 1 5
153930 48.62 5.89 41 1 0
144491 23.71 5.68 39 0 5
827309 33.69 5.85 53 0 0
802071 15.84 5.26 35 0 7
662094 6.82 5.62 36 0 3
247212 49.94 4.28 31 1 5
806786 2.03 4.5 40 0 7
754918 2.82 6.85 46 0 7
649736 5.7 6.63 43 0 5
553515 3.92 6.28 47 0 5
263078 1.59 7.45 47 0 3
894044 400 3.42 36 1 0
